22101993
22091993
22091980
22091979
220790
220788
22071978
22041994
22041978
22041974
22031982
211289
211285
21111975
21081992
210690
210685
21061981
21031979
21021994
21021979
210210
210188
21011982
201283
200990
20091994
20081996
20061974
20051977
200483
200184
20011995
1Shadow
1qaz!QAZ
1Basebal
1a2a3a4a5a
19451945
1933
19101981
19081981
19081975
19071992
19061974
19031976
19011995
19011977
180985
18091994
180883
18071994
180687
18051981
18041980
18011995
18011980
1801
17121989
17121975
171185
17111993
171088
17101995
17101978
17091994
1709
17071994
170584
17021975
17011981
168168
161190
16101983
16101976
16071981
16061995
160585
16051994
16041979
16041977
16031981
159753123
153153
151nxjmt
15121994
15111978
15101978
15091993
15081977
15071994
15051977
15021972
1478520
145632
14111981
141082
14091981
14091980
140788
140787
14071976
140688
140483
14021975
140189
1379
13576479
131415
131088
13101979
13091978
130884
130685
13061980
13051996
130484
130383
130286
13011995
13011994
12qwerty
124356
123sas
12346
121291
121234
12121973
12121970
12101975
120988
120983
12091978
12081978
12061996
120587
12051975
12041992
120385
12031977
12031974
112200
111666
111187
111183
11111975
110988
11091993
11091980
110880
110490
110484
110479
11031979
11031975
11021978
11021974
10121981
101180
10111995
10111978
101092
101084
101078
10061977
100387
10031972
100190
100185
10000
0o9i8u
098098
09111992
09101990
09091977
09081983
09071980
09061978
09031980
08101988
080886
08061991
08061982
08051980
08021983
07121986
07101991
07101979
07091992
07091979
07061981
070273
06121992
06101994
06091995
06091981
06081980
06071977
06061975
06051984
06041992