Apollo
apelsin
anselmo
Andrew1
andover
anatoliy
amyamy
amos
amir
amidala
all4me
algernon
alexei
aleksander
agnes
afrodita
access2
Abcd1234
aa123456
90909090
89600506779
7555545
7415963
61586158
54545454
5401
520520
444777
33rjhjds
333222
3263827
3234412
31415
311286
31081993
310784
30081985
300688
30061975
300585
30051983
30051982
2wsxzaq1
29121977
290788
290785
290687
290589
29051995
29051978
29041979
29041976
29041974
290386
29031980
29011977
28121975
28111994
2811
28091977
28041995
28041978
2801
271286
27111980
27091992
27081991
27081982
27081981
27041995
27031980
270290
270183
27011995
27011977
26121982
26091983
26091978
26071995
260689
26061982
260590
260585
260490
26041993
26041980
2603
260290
26021978
25121992
25111984
25111977
250987
25091996
25091980
250884
25061980
250292
250288
250283
2502
250189
2500
246813579
24121991
24111993
24111976
241089
24091983
2407
24061993
24061980
24051981
24051980
240489
24031977
233223
231280
23101993
23091975
23081995
230791
230782
230686
2306
230585
230187
23011978
23011975
22121994
22111994
22101979
22091994
22071980
220687
220686
22061979
22061978
220581
2203
22021993
22011994
2124
21091994
210786
21071993
210490
21041975
210383
21031978
21021978
210186
21011995
201289
20121993
20121981
201085
20101980
200989
20071994
200689
20061993
20051978
20021976
200200
20011993
20011976
1Sexy
19561956
19111982
19111979
19091981
19071981
19031983
19011980
19011975
181285
18111993
18111991
18111975
18101994
18101993
18081978
180386
18031983
18031977
18021980
171189
170783
170782
17051974
170388
17021980
17011996
17011980
1624
1611
16091989
160882
16081976