16071984
160686
16051977
16041981
16021981
16021975
1602
16011976
159753852
15111992
1511
150990
15091982
15081981
15061980
150580
150488
150482
1503
14921492
1475963
1428
141287
14121992
14121981
14121978
14101976
140887
14081973
14071979
14071978
140686
14061976
140486
14041979
140383
14031994
14031993
14031979
14021994
14011995
14011981
14011979
131286
13121993
131191
131186
131182
13111992
13111983
13101991
130990
130985
13091992
130891
130781
13071995
13041975
13031995
13031978
13021981
1258
1256
124816
12345A
123456qq
123456A
1234432
123369
1233211
123123e
121287
12111980
121087
121084
12101994
120883
120790
120779
12071993
120688
120686
12061977
120585
120578
12051978
120491
120487
120387
12031981
12031976
12021977
12021974
120185
120183
1147
111285
111177
11101994
11101977
11101976
110986
11081995
11061977
110589
110495
110284
1069
101287
10101972
100977
10091973
100686
100581
100488
10041977
10031994
10021979
10011977
100001
091286
09121991
09121980
0912
090988
09091992
09091983
09081979
090807
09041992
09041976
09021981
08121980
08111977
080888
08081977
08071975
08031979
0721
07101981
07101962
07081979
070786
07051982
07041992
07031992
07021992
06121978
061172
06101977
06091986
06081976
060689
06061974
06021993
05101992
05071994
05061979
050585
05041980
05021978
05011982
04111983
04111980
04101983
04091992
040881
04031988
04031975
04021991
04011984
03121988
03061993
03041976
030383
03031995
03031978
0220
0214
02111993
02051994
02051993
0126
01121992
01111978
01111977
01101975
010985
01091993
01041977
01022011
01021975
0102
010183
01012008
zxcvb12345
zcxfcnkbdf
z1z1z1
ytyfdbcnm
yomomma