27031978
27031976
270283
27011992
27011976
26121994
26101980
26081994
26071976
26071974
26061980
260488
260381
26021982
26021979
26021977
26011994
251286
2512
251087
250981
250886
25081982
250788
250590
250586
250582
25031981
25011981
2442
241290
24121992
241182
24111975
240988
24081981
240782
24071980
24071974
240684
24061979
24061975
24051977
240485
240479
24041994
24041980
240384
240285
235711
23176djivanfros
231286
231190
231188
230986
23091977
230785
230687
230283
23011994
23011976
2274
2234562
22111976
221089
221084
2210
220986
22081996
22081994
22081982
22071995
22071994
22071979
22071977
22061996
220486
220485
22041970
220391
22031993
220292
220186
211186
210984
21091993
210890
21071978
210684
21061975
21051994
21051980
210489
21041979
210385
21021993
20121992
20121975
20111979
201086
20091980
20091978
20081981
20051975
20021979
20011977
1qwert
1qay2wsx
1Fuckme
198111
19121979
19121977
191191
19111980
19111977
19101976
19091977
19081980
19051995
19051982
19021978
1901
181085
18091990
18091979
18081981
180689
18061977
18041982
1804
180180
17091990
17091989
17091980
17091976
17071979
17071977
170590
17041981
17041974
170288
17011978
16121993
160890
16081996
16071979
16061978
16031995
16011996
16011995
1516
15151
151289
151188
15111983
15111979
151084
150987
15091991
150883
15081982
15071978
150684
15061982
150487
15021994
15021979
15021977
15021976
140890
14081980
14081977
1408
140681
14061994
140589
1405
14041980
140388
14031992
140287
140283
14021976
14011974
13579-
135531
13121975
131179
13111978
13091976
13081976
130789
13061995
13061993
13061978
13051980
130489
13041994
130289
13011975