123xyz
123456p
1234567u
123456789qwerty
123456789n
123321qwe
1233210
1231231
12233445
121290
121179
121086
12091993
12091979
120887
120886
12081996
120789
12071995
120679
120586
12051976
120480
120393
120282
120281
12021996
112263
111188
111116
111111111111
110983
11091996
11091979
110889
110689
110682
11061975
110584
11051992
11041975
110290
11011993
10121975
101188
10101970
10091975
100880
100790
10071978
100683
100586
10051982
10051980
10041994
100384
10031995
10031982
10021973
090784
09071993
09071976
09061979
09061975
09061972
09051977
09031982
08154711
08111989
08111979
08101982
08091977
080889
08071980
08061977
08051988
08051977
08041993
08041977
08031984
08031973
08021987
08021976
08011981
07121980
07111983
07111978
0711
07051977
07031996
07031983
07011994
06121990
06111993
0611
06101993
06101990
06101983
06101978
06091992
06091976
06081977
06071979
06061977
06051975
06031980
06021991
05121978
0510
05091982
05091981
05081993
05081990
050786
050586
05011991
05011979
04091988
04091984
04091983
04091978
04081988
04081980
040786
04061975
0321
0317
03121993
03121992
03091995
03091994
030883
03081981
03081977
03081975
03051992
021286
021285
02121982
02121977
02111980
02111978
02101992
02081992
02051996
014789
013579
01121994
01091995
01091981
01071976
010688
01051975
010488
0104
010389
01031977
01021979
01021974
010184
010176
01011959
001100
zzzzzzzzzz
zydfhm
zebra1
zaq1xsw2cde3
yxcvbn
yukon
yayaya
yana
yamaha1
XyTFU7
xmen
xfactor
world1
wooster
wipeout
WINSTON
winkle
whaler
westham1
westcoast
weedweed
weeble
watashi
warped
wargames
walters
w1w2w3w4
voltaire
vitaliy
vesper
versus
version
venus1
venezuel
Vampire
ultras
tupelo