335533
326159487
3214
31313131
311288
31121993
31121981
31101979
310889
31081980
310785
31051980
31031993
31031991
310185
30121979
30121978
301184
301087
30101975
30091980
30081978
30071977
30061994
30061976
30051995
300490
30041977
30031994
30011995
2cool4u
29121983
29121979
291085
29101987
29101979
29101976
290981
29081994
290786
290585
290484
29031979
29031976
28121977
281184
28111993
28111981
28111978
28111975
281086
280988
28071974
2805
280490
28041981
280388
28031993
28031978
280289
280285
28021980
28021973
28011982
271184
270985
270282
27021996
27021976
261090
26091994
260793
26051976
26041973
2604
26031979
26021983
26021975
2552
251283
25121979
251181
25111975
251085
251084
25091993
25091981
25081981
250785
250685
250589
250587
25041976
25031977
25021980
25011976
25011973
241285
241281
241085
24091980
24081991
240690
240680
24061978
240487
24041974
240385
240383
23121976
231182
23111992
231090
2310
230987
23091981
230883
230882
230789
230788
23071993
23071983
230690
230491
230485
23041978
23041975
23031995
230291
230284
230185
23011997
22121979
22111981
221087
220883
22081975
220787
22061994
22051994
22031976
220188
22011978
2201
212223
21111980
21101976
210988
21081994
210591
210488
210384
210290
210191
201088
20101994
20101977
20091982
200882
20081977
200789
20061973
200590
200588
20051993
20051979
200488
200385
20021977
1qw23e
1q2q3q4q5q
1Monkey
1Jennife
19581958
1937
1936
19091975
19071980
19061976
19051994
19051973
19041994
19041982
19041979
181289
181187
18101980
180980
180584
18051978
1805
18031979
180292
180285
1802
18011979
18011978
18011976
18011974
17121979