17111981
171085
17081978
170785
170692
17061977
17061976
17051994
1705
17041982
17041975
17031995
17031982
17021977
17011982
17011975
161285
16121981
16101979
160985
16091979
160687
16041973
160395
160384
160290
16021977
16021976
16011981
15963
151286
151189
151185
15111993
15111982
151089
15101994
15101974
15091977
1508
150783
15071976
15041976
150290
15011979
145145
140988
140984
14091978
140789
140781
14071970
140687
140685
14051978
140490
140290
13691369
1357911q
131190
13101978
1309
130893
13061992
13061973
13051976
13051974
1303
1302
130190
123qweASD
12369
123456zxc
123456o
123456h
123456789abc
121285
12121994
121184
12101993
12101978
12091975
120890
120889
12081976
120784
12061981
120590
120584
12031996
12031994
12021981
120000
1178
111444
11121982
111190
11111994
11111977
1111111111zz
110989
110987
110981
110980
11091978
110893
110884
11081977
110784
11071995
11071977
11071972
110691
110683
11051995
11051978
11051976
110486
11041981
110390
11021977
101276
10121996
10121012
101190
101185
10111977
100990
100988
10081977
10081975
100783
100687
10051977
100486
100480
10041995
10041981
100386
10021995
10021978
10011995
0wnsyo0
09121977
09101989
090989
09091993
09081992
09081980
09071994
09071989
090587
09041981
09041978
09031976
09021978
08091993
08091983
08071989
08061978
08041978
08041976
080386
08031975
08021973
07121991
07121982
07121979
07111993
07091981
07021974
07011993
07011991
06111991
06111980
06101979
06071978
06061979
06051995
06041978
06031977
0602
05111980
05091994
050888
05061973
050583
05051978
05021996
04121991
04121981
0412
04101981
04101979
040985
04091993
04091980
04051978
040486
04041975