23121994
231187
231186
23111971
231082
23101980
23091974
230889
230792
230780
230591
23051995
23051979
23051977
23051975
23041979
23011970
2301
222222222
221289
221283
22121995
22121981
22111993
22101982
22091970
220886
220884
22081993
220791
220789
2207
220685
220683
220677
220585
220386
220385
22021981
2112rush
21121994
21121982
21121973
210987
21081996
21081995
21081975
210695
210689
210589
210395
210381
21031980
21011994
201286
20121978
201186
20111996
200993
20091977
200889
200886
200784
20061994
20041975
200386
20031995
20021974
20021967
1bitch
1934
19141914
19121981
19091994
19081993
19071979
19051979
1881
1856
181186
181088
18101981
18091977
180790
18071977
180588
180587
18051996
18051977
18051975
18051974
180485
18041994
180388
18021985
18011994
171285
171280
17111978
171083
17101982
170989
17071982
17061978
170582
170492
170488
170485
170392
17011971
161288
161287
161281
161184
16111981
16101993
16101980
160989
16071995
160682
16061994
1606
16051974
16031978
1603
16021980
16011992
159875321
15101975
150978
15091994
15071995
150689
150681
15061976
15051975
150388
15031996
15031995
15021995
150187
1488
141285
141281
1412
14111992
141088
141087
141084
14101994
140886
14081996
14081976
14071995
14071977
1407
14061977
14051980
140489
14041994
140385
140188
14011997
14011978
13579246
13421342
131289
131287
13111993
131089
13091979
130886
130785
13071977
130589
130583
13031981
13031977
13031973
130287
13021975
130188
1300
1253
1248
123QWE
123q123q
1234567z
12332112
123123123q
12251225
1223334444
121268
121178
121176
12111978
121090
121079
120987
120984