adfadf
adelphia
ababab
a123123
98989898
98745632
976431
963741
8balls
7UFTyX
789321
753753
6262
567765
55555a
555555a
541233432442
4wheel
4free
47474747
4637324
4428
4000
3some
3edcvfr4
380zliki
3369
3344
3333333333
31122008
31121977
311090
311079
31101976
31081979
310787
310386
310385
301288
301188
30111981
300888
30031995
30031993
2wsxcde3
29121980
29111976
29111973
291092
291080
290988
29091972
29081980
290787
29071975
290689
29061974
290488
29041975
290383
281290
28121976
28111995
28071980
28071975
280689
280592
28051977
280488
280390
280386
280384
28031995
28031994
28031980
28031974
28021977
280188
271287
27121979
27101978
27101976
270991
270987
270785
27051994
27051979
270487
27031994
27021995
270189
270184
27011979
27011978
261187
26111983
26111981
261082
26091995
26061979
26051977
26041996
260384
26031977
260289
26011980
25111993
251083
25091994
25081995
25071976
25061995
250584
25051978
250286
250190
25011979
25011975
243462536
241289
24121976
241190
241189
24111995
241088
24101977
240984
240887
24081980
240688
24051996
24051971
24031978
2402
231191
231184
23111993
231086
230680
23061982
230578
23041995
2304
230390
230288
23021976
230191
224422
221286
221281
220692
220588
220578
220484
22041973
2204
220389
220281
220184
22011972
21125150
21121976
211190
211188
21111979
211087
21101993
210989
210981
21071976
210688
21061976
210483
210190
210184
210183
2100
201184
20101993
20081979
20081978
20071975
200690
200586
20051995
200489
200484
20041996
20041994
20031975
20031970
200285
20011978
20011972
1George
19844891
19121995
19101980
19091979
19081979