19071996
19071993
19061995
18121972
18111995
181090
18091980
18091972
180886
18081977
18071976
180688
180686
18061972
180590
180490
180293
180284
18021972
180188
1793
17761776
17111991
17111973
17101993
170986
17091995
17081973
17071995
170683
17051996
17051975
17041995
17041994
1704
17031979
17031975
170186
170183
169169
161280
161179
161171
16111975
16101981
16091977
16081975
1608
160788
160786
160688
16061977
160586
160487
16031976
160289
16011980
16011973
151287
15121975
151183
15111974
151086
15101996
1510
150890
150888
150885
15081995
150784
15061977
15051970
150489
15041972
15021975
15021974
150190
141975
14121973
141186
14111973
141083
14091995
14081994
140792
140791
140680
14061973
14051995
140487
14021997
140185
14011994
13311331
132465798
13121978
131189
130991
130984
130889
130780
13041993
1304
130386
13031976
13021979
130191
1289
1286
128128
1243
123666
1234qwerty
12345i
123456j
123456789w
123456789qaz
12344321q
123333
123123qwe
121272
121271
121078
120893
12081977
12061979
12051979
12041974
12041972
120290
12021978
1190
111282
11121976
11121975
11121314
1111aaaa
11111993
111086
110985
110885
11081979
110790
110789
110782
110688
11061982
11061976
110489
11041976
110388
110383
1099
1050
103177
102102
10121978
101083
100887
100786
100785
10071995
100688
100685
100680
100587
10051994
100484
100476
10031971
100187
10011997
10011979
0918
09121993
09101993
09101983
09091976
09061973
09041979
09021976
0812
08111992
08101981
08101977
08091980
080884
08071995
08071978
08051993
08051971
08041983
08031981
08021994
08011982
071289
07121994
0712
07101978
070988