290487
290483
29031975
29011981
29011978
281288
28121978
281191
281189
281182
281089
28101978
280984
28091980
28081978
280788
28071977
280688
28061976
2806
28051994
28041994
280385
28021979
28011979
28011976
27121994
271188
271180
27111993
271092
27101975
270888
270884
27081994
270782
270777
270690
270689
27061996
27061978
270583
27041974
270389
270385
270288
270284
27021994
27021977
27011975
261286
261189
261181
26111976
261081
26091996
26091992
26091974
260888
260883
26081979
260688
260587
2605
26041981
26041979
260386
260385
26021994
26021976
26011982
25121978
251186
2509
250577
250483
250481
250385
250382
25031995
25031976
25021997
250184
242526
241192
241084
241078
240982
24081977
240788
240691
240682
240591
240585
24051978
24051976
240490
240486
24041993
240387
24011977
23111975
23101976
230990
230988
23071976
23071975
23071974
230692
230685
230681
230583
230391
230388
230290
23011996
222888
221186
221183
221078
22101996
22101972
220988
220887
22081978
220784
220590
220589
220290
220289
220288
220279
22021974
22021973
22011974
2122
21111995
210790
21071995
21071975
2106
21051972
210485
21041977
210382
210283
21021977
210185
21011976
21011974
20111975
201083
201020
200991
200986
20091975
200887
20071976
200684
20061997
20061995
20061978
200592
200589
200584
200494
20041978
20041977
20041976
20041973
20031974
200288
200284
1Ranger
19933991
1928
1920
19121983
19121980
19101992
19081996
19081994
19081976
19061980
190587
19051976
19041973
19021975
18111994
18111976
180987
1808
18071975
18061975
18061974
180385
180377
18031994
18031976
18011981