1789
171286
171183
17111995
17111976
1710
17091996
170888
170788
17071975
170688
170686
17061995
17061994
17061973
17051976
170489
17041980
17041979
170387
170287
17021976
170181
17011994
17011977
161282
16121975
16111976
16091975
160885
160884
160683
16061976
16061975
16061972
16061971
160584
16051993
16041996
160288
160286
16011994
158158
151184
150989
15091973
15081998
15081994
150792
150782
15071975
15061978
150590
150589
150585
150480
150289
1472
1453
1441
14121974
14111994
14111976
140987
14091974
14081978
14081971
14061996
14061981
14061980
140588
140488
140484
14041972
14031996
14031977
140291
140282
14021996
1402
1397
135797531
133113
13121976
13081996
130783
130782
13071980
13071978
13071971
130688
13051993
130486
130388
13031994
130187
13011978
13011972
12457
123qaz123
123555
1234rmvb
12347890
12345g
12345e
123456789A
12345678900987654321
12345671
123123123123
12311231
12231223
121284
12121995
121213
12111977
12111976
12101982
12101977
12091980
120882
120875
120741
12071978
120685
120684
120391
120389
120386
120378
12031975
12001200
1163
1155
1144
111290
111288
11121996
111186
111176
11112000
11111970
1111122222
110982
11091976
110888
110783
110590
110583
110481
110382
11031995
110285
11021995
11021973
11021969
110183
108108
10661066
101169
101072
100991
100781
10061960
100590
100487
10041976
10041972
100192
09121975
09111991
09111989
09111980
09111979
09091996
09081994
09081977
09061994
09051994
09031978
09011993
09011979
08522580
08121977
08111985
08111982
08091972
080883
08081995
08081994
08061979
08061976
08051996
08051979
0803
07831505
07121978
07091995
070777
07071995
07061995