555111
5413
5225
51051051051
4rfv5tgb
4477
43211234
4250
383pdjvl
333888
311285
3112
311080
31101995
31101981
310887
310882
310880
31081973
31051979
310380
310187
301283
30121981
30111977
30101995
300990
300886
30081979
300788
300778
300686
30061993
30061974
300584
300581
30051993
300380
30031974
30011996
30011973
2girls
291284
291282
2911
29101980
290985
29091995
290888
29081995
29081981
29071995
290682
29061979
29061972
290581
29041977
290390
290387
290380
290188
290187
281190
28111992
28101996
28101982
280889
28071994
280691
28061978
280590
280584
280492
28041979
28031976
280280
280184
28011978
27121993
271181
270983
27091973
270890
270889
270873_
27081976
27071974
27051977
270486
270483
270482
27041980
27041979
27041977
27041975
27021978
27021975
27011994
26121993
261186
26111977
261087
261084
260986
26081996
26081980
260786
260785
260683
26061995
260589
260493
260482
260477
26041994
260188
260187
2583458
25251325
251284
25121997
25121994
25121974
251184
25111976
250990
25091995
25091972
250891
250890
250883
250882
25081978
250783
250780
25061979
25061978
250595
250485
250480
25041997
25041974
250380
2503
25021979
25021976
241291
24121973
241183
24101992
24101978
2409
240890
24081974
240790
240783
240779
24071981
240689
24061994
24061976
24041975
24031975
24021976
231291
231290
231281
23111994
23111973
230887
23081979
23071979
230684
230589
230386
230384
230287
23021974
23021970
23011979
23011977
23011972
2227
221285
221191
22112211
22101994
220890
22081979
220786
220785
220777
220584
220487
22041977
220383
22021996
22011998
22011979
22011976