2134
211286
211283
21121974
211211
211187
211181
211085
21101977
210985
210982
21091992
21091971
210879
210783
210687
21061978
21061974
21051976
210495
210387
21031975
21011977
21011973
201282
20121994
20121973
201182
201089
20091974
200881
20082009
20081994
20071978
200685
20051996
20041979
20041970
20001
1Killer
1Jordan
1Footbal
1Dawg
1Buster
1Batman
19877891
1930
192168
1918
19111978
19111973
19101978
190788
190687
19051975
19041974
1904
19011978
181290
181286
181282
18121994
18121974
18111973
181087
18091996
18091993
18091975
180887
18081979
18081976
180690
18061976
18041972
180391
18031995
180186
17121997
17121973
17121971
171084
170983
170981
17081993
170790
17071976
17071973
170689
170687
170583
17051977
170480
17021993
17021979
170166
17011976
16111978
161090
161083
16101995
16101975
160980
16091995
16091982
1609
160891
160784
160685
160680
160587
16051981
160488
16041994
16041982
16031977
16031973
16011997
159159159
154ugeiu
151180
150986
150985
150887
150886
15081993
150789
150687
15061996
150586
15051995
15051994
15051973
150486
150477
15041994
15041979
15041977
15041975
150390
15031982
150283
150182
15011977
1501
141283
14121977
14121972
141182
14111993
14111979
14111975
141085
14101977
140982
14091994
14091973
14051994
14041995
140387
140288
140284
140186
14011973
137137
135792
1346
1321
1317
13121974
131180
13111977
1311
131081
13101975
130982
130887
130885
13081979
13071974
13061979
130591
130490
130483
130385
13031974
13021993
13021978
12qwasz
1278
1268
12345trewq
12345f
123456789g
1234567890s
12345666
123234
123123321
1212123
121189
120981