12091974
120879
12081972
12071974
120691
12061974
120580
12051974
12051970
120478
120473
12041973
120382
12031979
120280
12021997
12021994
12011977
11924704
1153
113322
11211121
111275
111075
110984
11091975
110687
110680
11051980
11041982
11031994
110291
110283
11021971
11011976
1041
103103
102010
101282
101275
10121994
10121977
10121974
101179
101177
10101996
10101974
10091979
10081973
100782
10071981
10071973
10061974
100577
100576
100483
10041975
100389
10031976
100286
10011971
1001001
09101978
0910
090983
09081993
09081972
09071979
090545
09051976
090481
09031979
09021980
09011996
09011978
081289
08121978
08111981
08101992
080995
08091978
08081973
08071972
08051994
08041994
08041979
07101982
07091976
07091973
07091970
07081976
07081974
07081973
070781
07071975
07061994
07041977
07031974
070291
070284
07011978
061087
06091977
06081975
06071993
060691
06041975
0521
051284
051281
05101975
050986
05071993
05061994
05051977
05041976
05021974
0423
04121980
041187
04111972
0411
0410
04091995
04081994
04081977
04071993
04071976
04061996
04061978
04061973
040586
040585
04051971
04011973
0331
0325
0324
0316
03111979
031078
03091979
03081974
030783
0307
030685
030680
030674
03061978
03031977
03031973
03021970
0224
021287
02101993
0210
020786
020286
020285
019283
0154
0147
012007
011284
011281
01111975
011080
01091978
01091977
01091976
010885
01081966
0108
01071975
01071974
010690
010680
010484
01022000
01021999
010203040506
01012007
0024
001001
zealots
yummy1
ytcnjh
Year2005
yakuza
xxxxxxxxx
Xxxxxx1
xtkjdtr
XqgAnN
woodduck
woaini
winter12
whiskey1
westport
wester
westcoas