654987
6288
55832811
5445
5291
4r5t6y
4life
4568
45645
4119
3CuDjZ
321ewq
321456987
314159265
311283
311281
31121974
311086
31101993
310886
31071997
31031974
310190
3012
301190
301187
30111980
301086
30101973
300975
30091995
300889
300789
300691
300690
300689
30051994
30051972
300492
300482
30041995
30041975
300390
300388
30031977
30031975
300190
2w3e4r5t
2sexy2ho
291291
29111993
29101977
2910
290987
290790
29071994
29071978
29071974
290590
290588
290486
29041996
29041995
290180
281192
281085
280990
280987
280880
28081995
28081973
280687
28041971
280389
28031975
2802
280187
271288
271090
271087
271081
270989
27091996
270685
270683
270589
270586
270490
270488
27031974
27031973
261284
26121996
26121979
26121978
261192
261188
261178
26111973
261089
26101977
26091979
26081995
26081993
26081977
260788
26071972
26061975
26051995
26051978
26051975
260489
26041992
26041970
26031974
260279
26021996
26021995
260185
26011975
2580456
25121975
251185
25101994
25101977
25101975
250989
250988
250984
25091975
25081997
250784
25071975
250687
250684
25061973
250592
25051994
250489
25041978
250390
25031978
250287
25021972
250187
250186
241284
24121970
241186
241181
241079
24101993
240990
24091995
24091978
24091977
24091973
240884
24081978
2406
240583
24051975
2405
240389
24031995
24031976
240290
24011976
231289
230982
230981
230980
230885
23081976
230790
230679
230577
23051994
23021996
23021972
230188
2223
221284
22121977
221193
221190
22111995
22111973
220984
22081976
22081971
22071972
220691
220688
220678
22061974
22051978
22031977
22021995
22011995