211287
211269
21111976
21111974
210992
210983
21091979
21091975
210882
21081974
21061995
210590
210587
21051996
21051975
21051973
210486
21041973
210282
21021972
210182
21011998
21011975
21011970
201285
201081
20101975
20091993
20091976
20091973
200791
200787
20071974
200582
200384
20021970
20011994
1Pillow
1Nicole
19541954
1929
1913
19111974
19111911
19101979
19101974
190691
19061978
19051996
19031973
19021995
190185
18121995
18121978
18121976
1811
181094
1810
180988
18091978
180884
180789
18071993
18061995
18041977
18041976
180387
180381
178500
171287
171279
17121978
17111977
171087
17091973
170884
170791
170786
170784
17071978
170589
170586
17051978
17041973
170289
17011974
16121997
16121979
161188
16111994
16111970
161086
160984
16091978
16091974
16071994
16071977
16061979
160583
16041995
160388
160386
160385
160383
160382
16031975
160186
157157
15121995
151182
15111980
15101995
15101976
150988
150983
150981
15071977
15071974
150688
150582
150476
1504
150386
150280
15011976
14201420
14141
141181
14111977
141090
141086
14101996
140990
140985
140983
140883
140881
140786
14061974
140585
14051975
14041978
14041974
14041970
1404
14021981
14021972
14021970
140192
140187
140182
131285
131283
131188
131187
131087
130890
130888
13071976
1307
130683
13061976
130587
130488
130291
13021977
13011996
13011982
13011971
12qw34
124578963
123zzz
123qwe321
123kat
123asd123
12345678901234567890
123444
123432
122222
12141214
121279
12121976
121186
121082
12101974
120979
12091977
12091976
12081979
120788
120777
12071975
120591
120483
12041995
120396
120381
12021973
12021972
12011975