1199
1197
1152
113355
11121995
11111976
11111974
11110000
110990
11091995
110883
11081970
110777
11071993
11071973
11071971
110678
110585
11051975
11041996
11031978
110287
110286
110280
11021996
11021975
110191
11011992
11001100
10inches
1078
1057
102030405060
10201020
101293
101291
10121993
10121970
101081
101075
101073
100987
100985
10091994
10091977
10081976
10081972
100787
100777
10071976
100677
100578
100489
100475
100385
10031978
100278
100189
100182
100179
09111994
09111993
09111976
09091994
09091975
09071995
09071992
09051971
09041994
09021977
09011981
08121991
08121975
08111988
08101979
0810
08091994
08081996
08081972
080785
08041974
08031966
0729
07111976
071085
07101974
07081993
07071997
07061975
070588
07041972
07041971
07031975
070289
07011977
07011975
06121980
06111976
061089
06101976
06091975
060789
06071980
06071973
06061995
06031972
06021996
06021994
06021976
06011980
06011972
05101995
050985
05091995
05091976
050879
05081972
050788
05071995
050690
05061975
05051997
05031979
05031976
050290
05021970
05011997
05011978
0425
0417
041287
04111994
04101978
04081975
040784
040782
04071975
040580
040578
04051974
04031978
04031970
04021978
04011996
031282
03111993
03111990
03101976
03091981
03071994
03071973
030588
03051976
03051971
030481
03041978
03041972
030388
03031975
03021995
021282
02121976
02111995
021087
020886
020885
020883
02071994
020590
02041997
02041962
0204
020280
02012010
01121977
010983
01092007
01091974
01091973
01091965
010879
01081995
01081974
01081972
010689
010483
01041972
01041971
010284
01021960
010192
009988
ZXCVBN
zujlrf
yssup
yokohama
yhntgb
yesiam
xthtgfirf
xray