5472
4z34l0ts
4564
4539
4356
4223
41414141
4114
3939
38253825
333111
325325
311287
311089
311077
310879
31081971
31071995
3107
310590
310392
310389
310186
310182
31011975
301284
301084
30101976
30091993
300884
3008
300791
300787
30071978
300680
30061995
30051977
30051975
30051963
300484
30041974
300383
30031972
300186
30011998
30011994
30011975
291290
29121973
291185
29111979
290986
29091974
29081993
290777
29071977
290684
29051972
290489
29041972
29031978
29011979
282860
281287
28121974
281188
281186
280983
28091976
280789
28061994
28061980
28051982
28051974
2804
280387
271282
271190
27111977
27101994
27101974
2710
270990
27091977
27061994
270588
270587
270581
270578
27051978
27051974
2705
27041976
270375
27031997
27031977
27021980
2627
261291
261282
261190
26111974
26101994
260984
26091993
26091972
260784
260782
26071975
260690
260581
26051973
260484
26041995
260389
26031995
260291
25962596
251183
251179
251090
25081996
250791
250683
25051973
25051972
250479
25041996
25041973
250291
250285
250180
241280
241087
24101997
24101971
240981
24091974
240888
24081975
24071993
24071972
240483
2404
24031979
240192
240188
232629
2326
231282
23121979
23121978
231192
231087
23101977
230994
230991
230984
23091972
2309
23081994
230784
23071971
230683
23061977
23049307
23041974
230387
23031977
23031976
230293
230285
230280
23011974
225522
2235
221282
22101995
22101977
22101976
22101973
220980
220885
220881
220879
22081997
220693
220684
22051977
22051971
220491
22031972
220293
220272
2114
211282
211189
211092
21101979
21101975