21091978
21091976
21071977
21061994
2105
210484
210482
210389
210289
210181
203040
2020327
201179
20111995
201082
201079
200984
200982
200883
200879
20081969
20071995
20071972
200686
200683
200485
200482
200390
200387
20031996
20021996
20021971
200181
20011975
20011970
20011968
1z2z3z
1Aaaaa
198200
198000
19551955
19501950
19481948
19371937
19111975
19101975
19091972
19081971
19071976
19071971
19051971
19031975
19021994
19011974
18821221
181288
18121975
181192
181191
181188
181183
18111978
18101978
18101977
180880
18081995
18081994
18081993
180589
18051979
180488
180482
18041973
180191
18011997
1777
171288
17121996
17121994
17121976
171190
17111974
17101994
17101975
170979
17071996
17051973
170490
170487
17041976
17031972
1701d
161291
161286
1612
160986
160879
16081972
160791
160783
160689
160581
160484
160479
16031971
16021995
160185
16011974
152535
151290
151284
151186
151151
15111975
15111972
151076
150980
15091980
150891
150690
150587
15041996
15041995
15041974
150387
150380
15031977
15031972
150285
150186
15001500
1437
141286
14121970
141188
141187
14111996
14101971
140892
140785
140782
140779
14071972
140590
140584
140580
140480
140390
140384
14031974
140180
14011977
13571357
134679258
1314
13121994
13121973
13111975
13111974
13111973
13101977
13101976
13101974
13101972
130992
130881
13081970
130787
130776
13071970
130691
130678
13061994
13061975
1306
130590
130582
13051977
130481
13041995
13041977
13041976
130391
130384
130288
13021996
13021973
12monkey
12e3E456
127127
12345zxcvb
123456qaz
12345678z
12345678c
123456789x
123345
12312345
12134
121275
121269