121081
121080
120881
120880
120781
120780
120681
120384
120377
120289
120189
120182
12011973
1169
1133
11223344q
111888
111286
111283
11121977
111191
11101978
11081994
110791
11071996
110692
110480
11041978
110292
110185
11011979
101292
101288
10111994
1010810108
100889
10081995
10051996
10051995
10041978
100392
091281
09091978
090890
09081996
09081976
09081975
09081974
090787
090684
09061974
09041974
090383
08121979
08121973
081086
08101978
08101976
08101974
080988
08082008
08071977
080688
080687
080585
08051981
08041975
080380
08011979
071284
07121993
07121976
071186
07111975
07111973
07111972
07101993
07101976
07091993
07072007
070690
070682
070189
07011976
06121995
06121974
06101995
06091994
06091974
060888
060885
06061996
06061993
06061976
06051979
060485
06031978
06031973
06011974
05121982
05121977
05121976
051183
05111977
051084
05101991
05101972
05081974
050683
0506
05041996
05041975
0504
05031995
05031978
05021977
05011994
04121994
041179
04111974
041089
04101993
040989
04091994
040890
040783
040780
04071978
04061995
04051979
040485
040482
040480
04031997
04031995
04021973
040188
04011975
031184
03111994
03091978
03091976
030877
030786
03051973
030385
03021974
021290
02121974
021184
021181
021084
021065
02091994
020784
0206
020484
02032010
02022011
0201
011286
0112
01111993
01101977
01092008
01071977
01041973
010195
010177
010172
010168
0070
0044
zxcvbnmm
zSMJ2V
zealot
zaza
zanoza
yy5rbfsc
ytreza
YELLOW
Yankees1
xsw23edc
xerox
xavier1
Xavier
xakep1234
wulfgar
wrinkle5
wrest666
wotan
wish
winslow
wexford
wetone
westwind
westbrom
wells
weiser
weener