270489
270484
270384
270292
27021973
261185
26101975
260982
26081978
2608
260783
260779
26061978
26061974
260486
260481
26041976
26031978
26031973
26031970
260288
260282
260182
2600
256256
2536
252627
251287
251190
251081
25101980
25101979
25101976
25101974
250892
250888
250885
250869
25081976
25081975
25071995
250574
25041971
25021977
25021974
25011974
24121994
24121977
24121975
241184
241178
24111994
24101976
240991
24091975
240882
24081994
24081976
24071975
24061995
240592
240589
24051995
24041996
24031974
2403
24021996
240184
24011996
2366
2355
231285
23121997
23121975
231181
23111972
231092
231084
231079
23101978
230985
230786
230781
23071994
23071972
230587
230575
23051972
23051971
230489
23041994
23021966
230186
22442244
2232
22121976
221181
221176
221088
221081
220983
22091995
22091975
220889
220783
22071997
220681
220641
22051996
22051973
22041975
220393
220283
220278
22021979
22021975
22021971
22011996
21252125
211183
21111993
21111977
211084
210993
21091995
21091970
210892
210889
210887
210886
210880
21081993
2108
2107
210683
21061996
21061977
210584
21051977
210492
21041976
21031968
210285
21021997
201294
201288
20122012
201183
20101971
200981
20091996
200885
20081976
20081974
200779
20071998
200687
20061972
20051997
20051968
200490
200388
20031998
20031994
20031977
2002tii
200189
1Harley
199
197979
1972chev
197000
19411941
19391945
1938
1921
191283
191186
19101995
19101972
190991
19081977
190791
19071978
19061998
19061993
19041995
19031978
1903
19021974
18811881
18101976
18091976
180881
18081974
180783
180782
180682
18061973
180585