180583
180486
180479
18041975
18031998
18031975
18021995
18021970
180182
180181
18011996
1750
171819
171283
17111975
171081
17101997
17091975
170890
17071974
170591
170580
170396
170389
17031980
17031974
1703
170282
17021972
1702
170180
161273
16121972
161185
161183
16111995
161091
161088
161082
16101977
160988
160987
160894
160889
160785
16071975
160690
160684
160677
160591
16051975
160485
16041976
160389
16031979
160295
160283
16011979
159874
1580
153426
151285
151282
15121976
151181
15101973
15091976
15081975
15081973
15081972
15071996
15071972
150691
150680
15061979
150492
150391
150293
150286
15021973
150188
150184
15011975
1421
14121976
141196
141185
14111980
14101972
140989
140882
140679
140474
140389
140382
14031973
140278
14021973
1401
1340
13091993
130791
130690
130592
130584
13051994
130485
130480
130479
13041971
130393
13031970
130186
130182
1280
1260
12541254
1250
123dan
12345as
123459876
123456i
123456789qqq
1233214
121181
121180
12111993
12111975
121076
12101969
120894
120891
120787
120773
12071972
120692
120592
12051977
12041996
120380
120376
12021976
120184
120179
120174
1175
1170
1145
114411
111284
1112131415
11111972
11111971
110881
110879
11081974
11071976
110690
110681
11061971
110492
110491
110483
110377
110187
110186
1075
1066ad
1063
1044
101290
101281
10121973
10121972
101184
10111976
101094
101069
100989
100983
10091971
100789
10071974
100684
10061996
10051976
10051975
10051973
100492
10041971
100383
10031977
100280
100275
10021971
10012000
10011976
098123
0916
09121971