091083
09101996
09101975
09091973
09091972
090909t
090887
09081971
09061995
09061971
09051972
09041977
09031977
081285
081281
081090
080890
08081975
08061994
08051976
0805
08011998
08011994
08011973
07121972
071181
07111996
0710
07081972
07081963
070688
07061979
07061978
07061973
07061972
07051994
07041994
07031994
07031973
0624
0623
061286
061282
06121976
06121975
06111994
061079
06071995
060692
060688
060684
06061969
0606
060482
060479
06041977
06021978
06021977
05121992
0511
05101994
05101977
05101976
05091996
0509
050891
050880
050589
050370
05031998
050283
050183
05011975
043aaa
041083
04101971
04071995
0407
040686
04051993
04031976
0330
0323
031285
03111976
03111974
03111971
031081
03101996
030982
03091977
030894
03081970
030784
03071976
030689
03051968
030487
03041998
03041973
030394
03032008
021288
021190
02111976
021088
021086
021083
021078
02101994
020884
020783
020687
020587
020379
02032008
020290
020274
02011994
01121993
011089
011086
01101976
0110
010990
01092006
01092005
010890
010883
010788
010786
01071996
010683
01061995
01061971
010584
01051967
01051965
01041998
01041970
01031970
01031966
010290
010280
01021998
01021972
010182
010173
01011997
00133
zvbxrpl
zinedine
zemfira
zaskar
zaq1zaq1
zaharov
yvtte545
yuki
yoyoyoyo
youwish
year2000
YAMAHA
XXXXXXXX
xxxxxx1
wrecker
wpF8eU
wormwood
woobie
witches
winsto
winkie
willing
whatnot
westlake
welcome123
weaponx
watchmen
wantsome
walter1
wallace1
vyjujnjxbt
Vladimir
vlad1997
VKaxCS
viviana
vitali
virgo1
ville
vfkmdbyf
vermont1
vcRaDq
vaz2109
vasileva
uyxnYd
updown
update
unholy
underpar
ulisse
ukflbfnjh