261290
261283
261278
26101974
2610
260987
260887
260886
260878
260791
26071973
260584
26051979
26051974
260383
260283
26011978
26011977
26011976
258025
25101995
250983
25091970
250895
250881
25081971
250779
25071974
25061975
250575
250487
250391
25031997
25031972
25031971
25031959
25021996
25011977
24692469
241179
24111977
241090
241083
24101979
240979
24091994
24091971
240883
240877
2408
240780
24071995
24071976
240694
24061971
24061969
240582
240580
240494
240488
240482
24041976
24031993
24031972
24021977
24011995
23121974
231179
23111978
23111977
23111976
231085
230992
230989
23091995
23081975
23071973
23061995
23061975
230579
23051976
230484
230480
23041972
23031975
230286
230184
230182
230176
221292
221189
22111977
221091
22101997
22091974
22081995
220793
220782
220680
220477
22041995
22041966
22021976
220193
22011997
22011973
22011971
211191
211184
21111978
211088
21081978
21081977
21081971
21071973
210691
210572
210491
21041972
2104
210380
21021996
21021995
21011978
20142014
201287
201281
20121996
20121971
201180
201177
20111977
201090
200876
20071973
200679
200581
20051976
20051973
200481
200480
20031978
20011996
200100
1Thomas
1Soccer
1q2a3z
1pass1page
1Martin
1Dick
1daddy
19922991
197500
196666
19521952
1935
1923
1922
19121974
19061994
19061977
19061972
190488
19041977
19041971
19031977
190288
19021979
190152
19011979
187211
181920
181287
18121977
18101995
18101975
180989
180889
180878
18081973
180793
18071974
180692
180685
180683
180581
18051976
18041995
18041974
180288
180286
180283
180183
18011975
171289
17121977
171187
171089
17101972
17101971