17081980
17081975
17071997
17061971
170581
170481
170478
17041970
170283
170191
170188
17011997
17011963
161289
16111971
161089
160983
160886
160781
160693
16061970
16051976
16051972
160481
16041974
160387
160379
160183
159963
15987532
159487
1551
151288
15121969
15121968
151187
15111995
151087
151083
151081
151080
151078
15101972
15101962
15091995
15091974
15081996
15081976
150685
150682
150593
150577
150484
150481
15041973
150377
15031973
150292
150284
150189
15011995
15011994
141282
14121975
141183
141180
14111972
141077
14101973
14101970
140991
140981
140979
14091977
14091971
140889
14071997
14071975
140683
140577
140494
140381
140286
140280
13371337
131291
131279
13121312
131181
13111996
13111979
131083
13101995
130981
130978
13091971
130892
13081977
13081974
130775
130682
13061996
130596
130581
13031997
13031975
130292
13011998
13011973
1281
1264
12481632
12431243
123fuck
123a123
1234ab
12345ta
12345689
1234567d
123456789t
12345678912
123123qweqwe
121266
121233
121183
12111994
12111971
121095
121077
12101971
120980
12091973
12091209
120876
12081970
120694
120682
120678
12061975
120593
120494
120493
120476
120475
120474
12041999
12041970
120392
120379
12031973
12021998
120186
12011997
119119
1156
11341134
1122112211
111280
111223
11122
11121970
111171
11111z
111085
11101995
110882
11081998
11081971
110677
11061994
11061974
11061973
110595
110576
110569
11051974
11041973
110393
110177
1020304
101271
10121971
101189
101181
10111975
10111973
101020
100978
10091995
10091976
10091969
100890
100878
100784
100780
100678
10061971
100477
10041973
10041970