100375
100287
100285
10021972
100184
100177
10011969
098890
09121970
09111977
091089
09101995
090981
090979
09091999
09081997
090792
090785
09071996
09071974
090688
090593
090580
09041972
09031972
090284
09021994
09021973
09021971
09021970
090185
0818
081089
0809
080892
080887
08051998
08041996
08041995
07121975
071087
07101992
07101980
07101975
070990
070987
070984
070889
070884
07071972
07051980
07041969
0704
070384
07021976
07021975
07011998
07011974
0665
0616
06121994
0612
061194
06111979
061082
06101973
060984
060892
060879
060775
06071996
06061973
06051997
060490
06041974
06041970
060283
06011977
051283
05121972
051184
05111993
050988
050883
050782
050684
050680
05051979
05041994
050389
05021997
05021975
05021971
0502
05011974
05011973
0416
041292
04121975
04111995
04111979
04111978
041082
040790
04071972
040680
040582
04051997
04051977
040487
040483
04041973
04031979
040290
04011981
0319
0313
031284
03121975
03121973
03121972
031183
03101982
030985
030981
03091973
030886
03081972
030791
030782
030687
03061996
03061975
03061973
03051978
03051972
03051970
030490
03041969
030382
030375
030373
03011997
0301
02121996
02121973
02091995
020888
020789
020780
02071969
020679
020583
020485
02041996
02041994
020189
02011964
0137485
01121972
01101995
01101973
010984
01091994
01081973
01081970
010684
01062000
01061976
01061970
010581
01051969
010493
010492
010489
010480
01041975
010292
01021969
01021964
010166
01010
00096462
00007
0000001
zxcvbnm12
zxc321
zombies
zoltan
ZLzfrH
zinaida
zaq12ws
zamora
zafira
yqlgr667
yours
ybrjkftdbx
yanochka
Yamaha
xwing