72727272
71717171
708090a
6bjVPe
666666q
666111
619619
6161
551scasi
5455
5420
4z3al0ts
4WcQjn
444222
4326
430799
4211
3699
3624
3579
3456789
3377
3364068
33223322
313313
31121994
31121979
31121976
311095
311075
310883
31081975
310788
310782
31071973
310588
310581
310393
3103
302302
301291
30121975
30111974
30101971
30091975
30091973
30091970
30081976
30081965
300782
30071972
300582
300476
300184
2kgWai
2bigtits
2b8riEDT
291289
291288
291285
291186
291178
29111994
291089
291086
29101975
2909
29081975
290775
29071973
29061973
29051996
290481
290185
281282
281271
28121995
28121971
28111979
281091
281083
28101995
28101976
280989
280979
280971
28091973
280881
280879
28081975
28071972
28071971
28071970
280683
28031977
280287
28021970
280191
280189
280180
28011970
271290
271285
271283
271271
27111973
271088
271080
27081968
270792
27071996
27071995
270681
270382
270381
270291
27011974
261180
261085
261080
26101995
26101972
260882
26081970
260691
260685
260678
260592
26051971
260387
260292
260189
2514
251291
251282
25121996
25111973
25111971
250982
250979
25091973
250889
250887
25081977
2508
250786
250692
250691
250690
250679
25051974
25041969
250393
250387
250384
25031974
250191
250183
2486
247365
241292
241188
24111971
240995
240986
24091993
24081995
240781
24071994
240686
240287
24021975
240189
240182
23dp4x
237081a
231292
231284
231180
231091
231083
231080
23101974
23091970
23081978
230691
230594
230582
23051996
230479
23041997
23041976
230393
230389
230373
23031973
23031972
230282
23021971
2302