230180
2248
2236
221280
22122000
221185
221133
22111974
221085
22101974
2209
220880
220781
22071975
22061972
220579
22041997
220378
22031995
22031974
22031963
220287
220286
22021997
220182
22011970
211284
211278
21121971
211176
21111994
211083
211080
21101973
21091974
21091973
21091972
210888
21081973
21081970
210789
210788
210782
210682
210681
210585
21041997
210391
21031995
210288
210287
21011971
201jedlz
201192
201187
201181
20102000
20101995
200880
200780
200682
20061976
20051974
20051972
20041995
20041971
200291
200290
200289
200286
200280
200277
20021998
20021973
200187
200180
1Test
1Sexyred
1qa2ws3e
1pionee
1Money
1Hammer
1Fuckyou
1Cowboy
19812
19550624
1925
19121970
190985
190889
19081972
190785
19071974
19071973
19061975
19041976
19031996
19031995
19021998
19021997
19021996
19021977
19021976
190187
19011996
181283
18121973
18121969
181182
181179
18111969
180990
1809
180875
180788
18071978
18071970
18061994
180591
180577
180476
180380
18031996
180282
18021979
18021974
1785
1769
17171
171282
17121974
1712
171086
171082
17101976
170887
170876
17081974
1708
170777
170678
17041977
17041965
170390
170386
17021996
170192
170189
170185
161718
161284
161274
16121996
16121971
16111977
16111974
16111973
161087
16101974
160979
16091976
16081977
16081968
16071978
160679
16061996
16061968
160582
160579
160491
160482
16041975
16021970
160191
159753258
15975321
159357258
1523
151190
15111970
15091971
15081969
150693
150692
15061974
150592
150591
150588
150579
15051976
15051974
15051969
15041971
150392
150382
150379
15021996
150191
150181
150179