15011974
14vbqk9p
147123
1456
141292
14121971
141192
14111995
141089
141080
14101995
1409
140876
14081974
140691
140677
14061993
140595
140587
140579
14051973
14051972
140479
140292
140279
14021998
14021969
140190
140183
14011976
14011975
138138
1377
1357997531
1325
13231323
13111994
13111976
131076
13091996
13091974
13081973
130795
130786
130579
130476
13041998
130285
130281
130279
13021994
13021974
130195
130193
13011977
13011974
1279
1277
1274
1247
123www
123qwe456rty
12361236
123580
12351235
12346789
123456x
123456e
123456789b
1234567890qw
121212a
121187
12111972
12101976
120992
12091997
12091995
120888
120884
120878
12051997
12011996
12011974
1188
1181
1172
1167
1143
11231123
111278
11121997
111192
111184
111169
11111996
11111995
11111111111
11101975
11101971
111
110979
110978
110787
11061972
110591
110578
11051973
110487
11041971
110394
110371
11031977
11031970
110194
11011999
11011975
1079
1033
101277
101178
10102010
10101976
100986
100984
100982
10091978
100788
100778
10071972
10071971
10061973
100592
100583
100580
100579
10051974
100481
100479
100478
10041997
10041996
100381
10031996
10031974
100292
100289
100284
100282
100279
100272
100188
100186
100183
10011972
0raziel0
098765432
091187
090885
09081973
09071978
09061969
090388
09031995
09021997
09021995
09021968
090184
09011994
09011976
0831
0828
0823
0822
0817
08121994
08111993
08101995
08101972
080979
08091995
080879
08081993
08081969
080783
08071996
08071973
08071971
080583
08051995
08051975
08041971
080391
080387
08021974
08021967
071282
071187
071178
071088
071076