altoid
alohomora
allthat
alien1
alex2000
alesis
aleks
aldric
albatross
alana
akira1
aikoaiko
.adgjm
adele
abyss
absurd
ABCDEF
abcde123
aaaaaas
aaaaaaaaaaaa
9sKw5g
9988aa
996699
987987987
98741236
9119
8WoMys
8765
80070633pc
7kbe9D
7862
77777778
686xqxfg
666888
5674
565hlgqo
55667788
5525
543216
52678677
5005
4_LiFe
495rus19
4815162342lost
4678
46464646
4621
4535
4430
440440
4190
4053
3way
3mta3
3782
331234
3311
314314
313233
311291
311284
311282
31121910
311091
31101996
31051973
31031996
31031995
31031972
301285
301282
30121998
30121974
30121969
301085
301083
300994
300991
30091976
300887
300883
30081992
30081974
300792
30051996
30051976
30051969
300480
300387
30011972
29111995
29101971
29101962
290890
29081996
290776
290680
290592
290576
29051997
29051971
29051970
290482
29041998
290379
29031968
290288
29021976
290191
290184
28121973
28111974
280992
280986
280892
28081994
280791
280790
280784
280782
280781
280675
28061979
280581
280579
280578
28051996
280486
28041973
280377
280376
28031996
280282
280182
28011973
2741001
271289
271284
271183
271179
27111994
27111970
270981
270891
27081974
27071972
27071969
2706
270387
2703
270285
2702
270193
270190
270186
27011996
27011973
2701
2662
261289
261287
261285
261281
26121975
26121972
26121971
26111993
26111975
260991
260983
26091976
26091969
2609
26081975
260687
260684
260676
26061973
260588
260583
260492
260491
26041972
26041971
260392
260388
260382
260380
26031997
26031994
260192
26011972
25262526
251290
251288
251274
251177
251078
250880
250876