25081974
25081972
25071970
250693
250689
250581
25052005
250488
250477
25041972
250389
25031998
250289
25021975
25021973
250182
25011972
2448
2447
241288
241287
241077
24101968
240989
240879
24061974
240594
24051966
240491
24041969
240289
240288
24021979
240191
240178
240174
24011973
23452345
231278
23121973
23101971
23091976
230890
230879
230857z
23081996
23081973
23081969
23081968
230787
230776
23071968
230682
23061974
23061973
230580
23051973
230482
230481
23041971
230382
230380
230276
230192
23011973
23011966
2275
2234
2215
221279
221122
22111972
221083
220989
22091973
22071974
22071973
22061995
220596
22051972
220483
22041996
22041969
22031970
220285
220190
220181
2130
211222
21111969
21101994
21101971
210986
210975
210891
210793
210791
210781
21071971
210679
21061970
21061969
210581
210580
21051998
21051997
210379
210284
21021975
21021974
210192
210189
21011996
210000
20121995
201189
20111994
20111973
201084
20102011
20101973
200988
200983
20091968
200884
200792
200790
200783
200782
20072008
20071977
20061996
200583
200579
20051971
200389
200380
20031971
200292
200282
20021995
20021969
200190
20011967
1William
1um83z
1Summer
1qaz2w
1qa2ws3ed4rf
1Girls
1Daniel
19966991
198500
191292
19121975
191182
19111994
191087
19101970
19091976
19091974
190888
190884
190784
19061996
190590
190489
19041996
19041972
19031997
19021973
18281828
182182
181278
181276
181190
18111977
181077
180982
180882
18081975
18071973
18071971
180684
180681
180586
18051972
180383
18031969
180291
18021976
18021975
18021962
180190
180179
1771
171291
171281
171184
1711