17101996
170993
17091977
17091974
17081995
17081977
17081972
170789
17061970
170594
170587
17051995
17051972
170491
170483
170384
170281
17021997
170190
161283
161279
16121973
16101994
16101973
160887
160880
160876
160780
160776
16071974
16071972
16041998
160393
16021979
16021973
160189
160180
1598741
151291
151280
151278
15121997
15121974
151194
15111976
151088
15091970
1509
150683
150677
15051997
150485
150479
150373
15031974
150287
150282
150174
150000
1452
14253
1422
141191
141190
141189
141184
14111978
14101998
140978
140974
14091972
140783
140777
140692
14061975
140593
140592
140582
140575
14051976
14051969
140378
140181
140178
1375
1355
131288
13121996
13111965
131082
130987
130986
130880
130879
130778
13071973
13071963
130681
13041972
13031969
130283
130282
130192
13011997
13011963
1290
1275
126126
125678
123xxx
123red
123q321
123as123
123a321
123963
1236987z
12354
12345zxc
1234576
123456789f
123456781
1234565
12345600
123123123a
12123
12121996
12121968
121175
121094
121092
121083
121072
12101995
12101973
12101210
120990
12091996
120866
12081995
12081964
120791
120661
12061973
12061971
12061963
120577
12051973
12051968
12041971
12041967
120395
120374
120370
120284
120202
12011970
11qq22ww
11qq11
11c645df
1183
1179
117117
1159
11235
1123456
111181
111180
111167
111087
11101981
11091973
11091970
110891
110878
110788
11071975
11061995
110593
110577
110392
110381
11031973
110297
110277
110188
11011969
11011101
101283
101274
10121997
101192
101191
1010101010
1010101
10091974
100691
100681
100679
10051969
100495