100380
100379
100290
10021994
10021974
100178
09877890
0929
0927
091292
091284
091282
09121973
09121969
091185
091080
09101976
09101972
090990
090980
090808qwe
09061976
090589
090586
090583
09051995
09051993
0905
090393
090386
09031994
090288
081288
08121993
08121974
08111976
081087
08091996
08091974
080787
080786
08061975
08061974
08061973
08051974
080480
0804
080381
08031972
080283
08011995
08011977
0801
0723
071290
07111977
07111974
07091974
070890
070878
07082000
070797
070775
07071974
07071973
07031977
07011995
061294
06111972
06101967
060987
060977
060897
060886
06081997
06081995
060693
06061997
060481
06041972
060390
060387
06031976
06021974
06021971
060191
051285
051188
051186
05111975
05111974
05111973
051083
051081
05101974
05101971
05091974
05091973
05091970
05081995
05081973
050783
05071975
05071972
0507
05061998
05061996
05061995
05061976
050591
050581
050575
050477
05041970
05031977
050278
05011981
05011965
04975756
041281
041189
041188
04101976
04101973
040980
040979
0409
04081998
040791
04071973
040687
04061979
04061974
040591
040590
040584
040579
04051996
040492
04041970
04041969
040288
040180
04011979
04011976
04011972
031180
031086
03091974
0309
030881
03081995
03081976
030790
030789
030590
030587
030586
030577
03051995
030484
030390
030386
030384
03031997
03031970
030273
03021973
03011994
03011974
021188
021179
020988
02061965
020589
020586
020585
020581
020580
02051969
020490
020483
020482
020481
020387
02032007
02031997
02031996
020275
020187
0128
011288
011287
01121995
01121970
011189
01111995
01101994
01101971
01101968