333222111
3300
31217221027711
311269
31121996
31121972
31121970
31121969
311084
310892
310791
310786
31071975
31071972
310579
310382
310376
31011996
31011970
301281
301275
301181
30111972
301088
300989
300976
30091996
300879
300790
30071994
30071974
3007
300685
300679
30061970
300576
300489
30031970
300192
2pac
291287
291281
291189
29111972
29111966
291091
29101997
290984
290889
290887
29081977
290779
29071997
29071972
290685
290679
29061977
290591
290587
290583
290580
29052000
290485
290480
29031972
29031971
2903
29011974
281281
2810
28091970
280878
28081977
28081965
280785
28071997
280682
280680
28061995
28061974
280575
28051971
28051970
280493
280484
280483
28041970
28031997
2803
280291
28021966
280190
280185
28011995
271182
271085
271082
2709
27081997
27071971
27071961
27061997
270579
270495
270493
270480
27041996
270390
27031995
27031975
270286
270281
270192
270188
270181
27011972
26121976
26111980
261086
261079
26101976
26101973
260zntpc
260990
26091977
26091970
260893
260679
26061996
260582
26051972
26051969
260483
26041977
260373
26021974
260183
26011974
2554
2531
2526
251285
251275
251192
251187
251178
25111997
250985
25081973
250781
250777
250776
25061974
25051971
250379
250377
25031975
25031973
250290
25021970
25021969
25012501
25011998
25011971
24PnZ6kc
248248
24681357
246800
2455
24121995
24121978
241187
241185
24101975
240983
240687
240681
24061973
240578
24051997
240395
240283
240282
240281
240181
24011971
24011970
235235
2333
2325
23121998
23101999
230891
230886
23081971
2308
230778
230777
23071997
230592