23051974
230483
230477
23041969
230378
23031996
230281
23021998
23021968
23011998
2221
22121975
221179
221172
22111980
22111969
221082
220993
220987
220985
220982
22091996
22081970
220780
22071971
220676
220595
22051975
220490
220394
220380
22031996
220282
220277
22021969
220192
220191
220189
220180
2154
21312131
2127
2112yyz
211294
211271
21121995
21111996
21111972
211076
2109
210885
210883
21081998
21081997
210778
21071969
210583
210582
210577
210575
21051978
210480
210393
21031971
21031966
210292
210176
201284
20111976
201078
200992
20091972
200785
200691
200681
200680
20061975
200580
200493
200486
200475
20041974
200382
20031997
200283
20022004
200193
200191
200186
20011998
20011974
1Tigger
1Superma
1Samanth
1Robert
1qwerty1
1John
1hxboqg2s
1Horny
1Diamond
1Bubba
19mtpgam19
19992000
199000
198989
198585
197222
1931
19121996
19121973
19111996
191085
190989
190988
190986
19081974
19081973
190787
19071969
19061997
19061960
190592
190589
190588
190585
190578
190576
190482
19031903
190189
18121971
18111972
18111970
18101972
18091974
18091970
180874
18081967
180785
180691
18061971
1806
180578
18051970
180491
180489
18041996
180382
18031974
180278
18021973
180189
18011977
171290
171278
171180
171179
17101960
170988
17091971
170885
170882
170880
170793
170792
17071971
170671
17061997
17061996
1706
170579
17051971
17051970
170482
17041996
17041963
170376
17031970
17021973
170187
170178
170173
17011970
161278
16121970
161186
161180
161081
161077
16101970
1610
160992
16091997
16091972
16081997
16071973
160595
160577
16051973
160489