160483
16041968
16031969
160294
160287
160280
16021998
16021965
160179
1601
15995
159753159753
151617
15121970
15121965
15111973
151090
151085
15101966
150982
15091997
15091972
150881
15081970
150791
15071979
15071968
150694
150679
1506
150578
150575
150393
150378
15022000
15021970
150193
15011970
1445
14344
1433
1424
1418
141284
141277
14101978
14091997
14091976
140885
140884
140790
140583
140570
140569
14051974
14041973
14041968
140391
140359
14031995
14031976
14031975
1403
140281
140193
1362
13579a
1357900
1333
1326
131284
131278
13121977
13121972
13121971
13121970
131184
131183
13091977
13071998
130679
130578
13051997
13051979
13051968
130478
13041996
130389
130380
13031972
13031968
130280
13021971
13021302
130185
130171
12pack
1265
123zxc123
123654q
123654a
12345b
1234567t
123456789qw
12345678987654321
123147
1212qq
121276
12121963
121194
12111997
12111995
121098
121068
12101972
120895
120877
12081997
12081973
12081971
12071971
120672
120596
120570
120569
120555
120470
120383
120375
12031997
12031972
12031971
120286
120191
120177
120176
11bravo
1173
1151
11251125
111279
11121994
11111111a
111090
111080
111078
11102000
110886
11081972
11081969
110781
110776
110694
110598
110594
110592
11041995
110378
110376
110294
110275
110181
11011997
11011995
1071
10251025
101974
10191019
101284
101272
101183
10111213
10101997
10101971
10091967
100892
10081996
100793
10071007
100695
100689
100682
100674
10061999
10061995
10061976
10061966
100588
10051972
10051970
100491
100482
100377
10031997
10031970
100291
100283
10021959
100191
100180