100174
100172
10011968
10001000
0okm9ijn
0928
091283
091277
09111978
091088
091084
09101969
09091970
09081995
090790
09071972
090687
090686
090578
090487
09041996
0903
09021972
0902
09011997
0813
081284
081280
08101994
080986
080898
08081971
08061996
080590
080578
08051972
080484
08041972
080388
08031996
08031974
08031963
08021977
08021975
08021970
0722
071287
071188
07111995
071086
07101973
07091978
070882
070881
07081969
070779
07051997
07051995
07051975
07051961
070492
070487
070486
070385
07031997
07031976
070290
06225930
0614
061293
061291
061285
06111977
06111970
061086
061077
06101981
060981
06091969
06081998
060787
060785
060779
06071974
060666
06061971
06061966
060590
060588
060388
060288
060183
06011973
0587
0518
051290
051282
051272
05121994
05121974
05111995
05111970
05101996
050983
050884
05081997
05081967
050790
050787
050781
05071996
050687
050587
050577
05051970
050487
050478
05031973
05031972
050285
050282
0429
04121970
04111975
041092
041076
04091972
040880
04081973
04081967
040689
04061998
04051972
040474
04041972
040388
040382
04031974
04031972
04021999
04021975
040182
04011994
0326
0318
031187
03111972
031084
031080
03101970
030986
03091997
03091972
03091971
030891
030887
030872
03081971
030792
030681
03061974
030585
030486
030485
030483
030387
030380
030379
03031963
03021975
030201
030191
030188
030184
03011996
03011960
0291
0225
02121997
021183
021182
02111994
021085
02091968
0209
02081996
020785
020690
020685
020681
02061996
020496
020488
020487
020392
02032000
02031967
020289
020278
020276