2808
280792
280787
28071969
280679
280677
28061977
28061972
280591
280583
280577
280485
28041974
280281
280186
28011997
28011971
2747
272829
271294
271291
27121970
27101971
270996
27091976
27091975
270881
27081973
27071967
270696
27061972
270594
270590
27051970
27051961
27051960
270491
27041973
27041972
27041965
270392
270279
27021997
27021970
27021967
270185
27011970
27011967
2612
261193
261177
26111997
26111972
26091975
260884
260781
26071969
2607
260692
260670
26061972
260591
26051996
26051968
260485
26041974
26031975
260284
26021971
26021970
260193
260186
26011996
26011966
2582
251279
251096
251095
251093
251079
25101972
25091971
25081970
25081962
250782
25071997
25071977
25071972
250682
25061996
25061971
250580
250576
250491
25041975
25031968
250284
250192
250175
25011996
2423
24121996
24121974
241177
24111973
24101996
240987
240894
240893
240892
240873
24081971
240785
240775
24071996
24061967
24051973
240493
24041973
240381
240379
240378
240293
24021995
24021973
24021972
24011997
24011972
24011968
234523
2327
231295
231283
231279
231231
23121996
23101996
23101972
230983
23091971
23091969
230876
23081993
230772
2307
230677
230392
230379
23031971
230193
230183
23011969
2300
2262
2245
221992
221290
22121974
22121962
221187
221096
220994
220981
22091976
220877
220792
220779
220778
220776
22061971
220582
220580
220493
220381
220376
22031975
220179
21crack
215487
2142
2131
211290
21121998
211200
211178
211093
211091
21101972
210795
210785
210784
210780
21071996
210674
21051974
210494
210396
21031996
21031976
21031974