21031973
21031970
210293
210281
21021998
21021973
2022
201290
201280
201279
20121972
20111971
201092
201076
200793
200768
20071971
20071968
200692
2004rj
20042000
200375
20031969
200281
200272
20021975
20011971
20011969
1Zzzzz
1Taylor
1qazwsx
1Johnny
1jesus
1James
1Iiiii
1Hunter
1grand
1Bigdog
1Bear
1Andrew
1Aaaaaaa
1999ar
198484
197373
197272
1916
191279
191184
19111997
19101971
19091973
190885
19081997
19081970
190690
190583
190581
19051972
19051905
190485
19021970
1861
1822
181275
18121968
181209
181189
181084
181083
181082
181079
180984
180981
18091969
18081969
180780
18071995
180592
180582
180579
180560
18051973
180492
180487
180472
18041997
18041971
18041966
180392
180389
18031966
180280
18021971
18021966
1775
17121970
171193
17111972
17111967
171079
17101977
17101973
17101970
170990
170987
170895
170886
170883
170780
170779
170690
170681
170672
17061975
17061974
170577
170493
170477
170472
170380
17031996
17031976
170293
170292
170286
170285
17021966
170194
16121995
16121974
161193
161181
161177
16111972
16101996
160990
160982
160978
16091973
160874
160787
16071970
16061973
16061966
160580
160478
16041970
160390
16031972
16021996
16021974
160192
16011998
16011975
16011970
15975346
159123
156156
152152
151276
15121972
15121971
151178
151176
15111977
15101970
150979
150976
150895
150882
150879
150777
150667
15061971
150594
150581
15051972
150493
15041967
15031997
150279
15021968
150175
15011996
14938685
14781478
1471
1458
144000
141291
14121995
14101974
14101968
140993
14091975
14091969
14091964
140894
140888
140880