14081998
14081972
14061971
14061963
140581
140576
140573
14051997
140493
14041971
140380
14031968
14021965
133159
1327
1313666
13121995
131078
13101996
13101971
130983
13091995
130878
130870
130777
13071975
13071969
130677
130575
13051973
13051972
13051970
130491
130482
13041973
13041964
130382
130381
13031996
13031965
130290
13021976
12901290
1257
125478
1244
12435687
123QWEasd
123777
123645
12356
1234QWER
1234asd
12345x
12345n
123456789zxc
1234567890w
1234567890qwe
123456780
123455432
123452000
12332145
123159
123121
121980
121295
12121971
12121966
12111999
1211123a
12102000
120982
120892
120871
12081965
120770
12072000
120582
12051963
12051962
12051205
120495
120481
120471
12041969
12031969
120279
12021966
12021202
120181
120180
120178
120175
119911
1198
1180
111678
111287
111265
111222333a
11121971
111175
11101969
110992
110976
11091971
110679
110579
11052000
110485
110478
110389
110379
11031976
110276
110189
10inch
1089
1084
1068
1064
1062
1055
10112000
10111996
10111972
10111970
10111011
101096
101074
101070
10101973
100992
10091997
100885
100875
10081970
10071969
10061975
100596
100589
100575
10031962
10021970
10011963
10011962
0range
0p9o8i7u
0930
0923
0917
091289
091287
09121994
09121978
09111975
091091
091087
090974
090881
09071977
0907
090681
090588
090584
090575
09051974
09051969
090490
090384
09031996
09021996
09021974
09011974
09011973
081283
08121995
08121971
081177
08111975
08111973
081080
08101973
08101970
08091975
08071997
08071976
08071968
08061970
080581
080571
080287
08021979
080185
08011975
0776
0719
071286
071285
071281