07121995
07121973
071185
071179
071083
070982
070980
07091999
07091975
07091971
0709
070793
070789
07071967
070687
070683
0706
070580
070489
070389
070288
070286
070285
07011972
0701
06121973
061191
061187
061180
06111973
061083
061081
06101974
060989
060985
060979
06091996
060890
060887
060877
06081994
06081974
060795
06071970
060696
060683
060676
060644
06061998
06060
060581
06051973
060492
06041994
06041973
060384
06031996
06021973
06021968
060186
060184
0531
051291
051278
05121995
051182
051178
051077
050979
05091975
050877
050789
050685
050676
05061972
050595
050572
050490
050483
05031975
05031971
050297
05021999
05021995
05021972
050187
05011998
0501
0426
0421
0418
041283
04121997
041190
041185
041183
04111976
041086
040975
04091973
04081972
04081970
0408
040788
040781
04071971
04071970
040690
04061970
04051970
0405
040479
040478
040477
04041998
04041997
040391
04021969
040171
0327
03121971
031188
03111995
031088
031082
030983
030977
030885
030879
03081997
030788
030781
030780
030779
03071998
03061997
03061972
030594
030581
030579
03041971
03031966
030290
030286
03021997
03011975
03011969
0227
0222
0221
0219
0216
021279
021278
02121972
02121971
021186
021090
020984
020982
020894
020880
02071995
020478
02041969
020385
020382
020294
020281
02021964
011283
011282
011194
011182
01112000
01111996
01111962
0111
011090
01101959
010895
01081967
010685
010678
01061967
010588
010582
01051997
01051964
010494
01041996
01041966
010387
010377
01031973
010295
010281
01012003
01012002
01011953