89172735872
88889999
88351132
86mets
86753099
8543852
8512
81726354
800800
7xswzaq
7oVTGiMC
77778888
7771
7721
7711
766rglqy
747bbb
7355608
71177117
6988
67676767
666425
654654654
6453
6000
5LYeDN
58585858
5544332211
554433
5482
545ettvy
5421
5377
5334
48484848
4599
4217
3xbobobo
3A5irT
379379
3791
375125
3733
36460341
360360
32503250
31413141
312312
31122000
310884
31081977
310793
310593
310580
310378
31031976
310195
310174
3035
30303
301292
30121995
301092
30101972
300890
30081995
30081973
30081961
300777
300684
30061968
300587
30051998
300386
30031971
300187
300178
30011968
2wj2k9oj
299792458
291294
291283
29121999
29121976
291192
291179
29111996
29111992
291090
291079
290995
290983
29091969
290884
290883
290882
29081974
29081973
290792
290784
29061996
29061975
290569
29051973
2905
290478
290476
290475
29041973
290382
290377
29031974
29031973
290178
29011975
281278
281181
281180
28111997
281090
281072
280991
280982
280976
28081972
28071973
28061975
280589
280580
28051962
280479
280477
28041996
28041976
28041972
28041965
28041962
280395
280383
280380
280378
28031971
28031970
28031960
28021998
27121973
27111974
27111972
271084
271083
27101972
270894
270887
270883
270878
27081970
270794
270791
270786
27061973
270591
270580
27051995
27051971
270494
27041971
270383
270380
27031972
270278
27011999
26121970
26111994
26111971
261093
26101971
260985
26091968
26091961
260885
260877
260875
26081997
26081976
26081974
26081972
26071970
26061970
260594
260593
260580
26051970
26051967
260487
26042000
26041969
260391
26031999
26031972
26031971