260286
260260
26021997
260194
260191
260184
260178
260176
26011999
26011971
26011970
258789
2575
2541
25121995
25121976
25121972
25121971
251180
251092
251091
25101971
2509mmh
250977
25091974
25081969
25071996
25071973
25061967
250593
250571
250494
250492
25041960
25031965
250282
250278
250179
2481632
241271
24121997
241191
24101970
240977
24091996
240891
240886
240885
24071997
240678
240587
240584
240574
240573
240390
24031971
24031970
240278
24021970
240195
240193
240186
2357
233391
233233
23322332
2314
231276
23101994
23101973
230977
23091996
230892
230884
230880
230861
23081972
230794
230793
230571
23051997
23031974
230294
230277
23021999
230196
2287
227722
2266
22332233
223311
223223
221278
22121998
22121973
22121970
221180
221100
220979
220978
220977
220974
220891
220888
220594
220577
22051974
22051969
220481
22041968
220382
22031973
22031971
220284
220280
220195
220194
220176
22011977
22011966
22011964
2158
2147
213qwe879
2129
21242124
2123
211293
21121959
211185
211182
211075
21101970
21101968
210884
21081969
21071970
210693
210678
210676
21061972
210574
21051970
21041995
21041969
210394
21031972
2102
210194
210177
21011972
2040
201292
201194
20111972
201077
200977
200976
20091971
20091969
200892
200891
200878
20081995
200781
200778
200693
20061971
200591
200585
200379
200275
1Thunder
1qazxsw23edcvfr4
1qazxcvb
1qasw2
1Patrick
1Lover
1Ccccc
1Blue
1Austin
1adam12
1Access
1a2b3c4
198400
198012
19511951
19491949
19421942
1926
191288
191281
19121976
19121968
191192
191181
19101996
190990
190984
19091997