190886
190688
190683
190682
19051997
190490
190484
190470
19041964
190382
19031994
190287
19021971
19011972
19011971
1865
1855
183461
1821
18191819
18181
181292
181291
181279
18121996
181185
18111974
181086
180991
18091971
180795
18071968
18071967
1807
180694
180679
180594
180580
18051969
18031973
180290
18021996
180195
18011971
18011969
1791
171188
171178
17111970
171080
170891
170878
170877
17081968
170774
17071972
1707
17061998
17051966
170474
170290
17021967
17021963
170184
1688
1661
161293
161161
16111979
161094
161080
16101971
16091971
160873
16081995
16081974
16081973
160782
160692
160681
160676
16061997
16061964
160588
16051961
160495
16041999
160392
16031970
16031966
160282
16021969
160184
160182
160181
16011972
1598
159753q
159753456852
1596357
1596
1590
151292
151283
15121996
151179
15111996
15101964
15091969
150884
15081968
150796
15071973
15071971
1507
150584
150574
150491
15031969
15031963
150291
150277
15021981
15011999
15011972
15011971
1477
14521452
1430
1415
141276
14122000
141195
141177
141176
14111971
14111970
141094
141092
141081
14101997
14101969
140977
14091970
140879
14081975
140793
140776
140772
14071999
14051996
14051971
140492
140478
140475
14041998
14041975
140395
140379
140377
140275
14021974
14011972
14011967
135711
134kzbip
1345
1342
1341
13324124
1316
1314520
131293
131280
13121969
13111997
13111972
131084
131080
131079
131072
130967
13091973
130883
130882
130871
13081972
130779
13052000
13051971
130492
130477
130469
130379
13021969
13021964
13021960
130180
130179
12qw34er56ty