1293
1267
124124
123wer
1238
1237
1236547
1234qwerasdf
12345l
1234567r
1234567b
12345678s
12345678qwe
123456789qq
123456782000
123456@
123423
1232123
123123456
123100
121983
121273
121190
12111996
12111974
121093
121091
121069
12101968
120995
120994
120991
120976
120969
120968
12091961
12071969
12071962
12061968
12061967
12061206
120575
12051996
12041968
12041963
12031970
12031203
120294
120292
120195
120193
1171
1165
1150
1141
11241124
112255
112212
11121963
111197
111122
1111111q
111091
111084
110995
11091998
11091972
110874
110864
11081996
11071997
110684
110675
110673
11061996
11061965
11051972
11041997
110399
110380
11031998
11031971
11031967
110293
110289
110279
11021997
110182
11011998
11011972
11011962
10z10z
1088
1077
1070
10291029
10271027
10181018
101279
101278
101266
10121957
101193
101173
101163
101095
10108
101071
10102000
101011
100994
100981
100894
100876
100874
100870
100776
10071997
10071970
100692
10061998
10061997
10061969
100472
100397
100393
100378
100371
10031969
100277
100269
100196
10011973
10011960
091290
091190
09111973
09111966
091101
091081
09101994
090999
090986
090985
09091995
09091971
090888
09071969
090690
090685
090683
09061967
090483
090480
09041970
09041966
090291
090281
09011975
0829
081293
081282
081277
081191
081178
08111996
08111972
08101996
08101975
080891
080877
080872
08081970
080788
08071974
08071970
080694
080685
080683
080589
08051973
080390
080378
08031967
080292
080291
080282
08021971
080172
08011978
0728
0714
071288
071280
07121971
07101996
070986
070966
070886
070880