070791
07070
070691
070681
07061993
07061974
070592
070585
07051967
070482
07041995
07041961
070390
070382
07031968
070282
07021970
070188
070184
07011997
07011973
061289
061188
061181
061174
06101996
0610
060991
060982
060978
060976
0609
06081973
06081969
0608
06071972
06061972
06061968
06060606
060584
060582
06051972
060493
06041971
0604
060383
060374
06031971
06031969
06021997
06021970
051286
051280
051279
051187
051185
051181
05111996
05111972
051082
051078
050995
050981
05091997
05091971
050890
050889
050794
050785
050784
050774
050696
050682
050679
050593
05050505
050491
050476
050397
050388
050385
050384
050383
05031960
050281
05021998
05021968
050190
050176
0422
0415
041286
041282
04121976
04121972
041173
04111971
04101972
04101967
040986
04091998
04091975
04091974
04081965
040691
040589
04051998
040495
040392
040387
040380
04031966
04021996
04021974
040191
040190
040183
0343
031280
031179
03111975
031089
03101995
03101972
030984
03091975
030892
03081996
030787
03071975
03071972
030692
030676
03061976
0306
030582
030574
030492
03031968
030287
03022010
03021998
030182
03011971
024680
0228
021291
021289
021185
02111975
02111974
02111972
021082
021079
021074
02101996
020989
020684
02061997
020588
02041966
02041959
020393
020380
02031966
020287
020273
02021967
02011958
0125
0122
011285
01121969
01121967
011177
01111974
010981
01091971
010884
010882
010870
01081997
010789
010779
01071995
01071965
010695
01061999
010583
01051966
01041965
010383
010382
010379
01031998
010283
007911
007
0055
0009