290479
290477
29041962
29021996
290192
290190
29011971
2829
281292
28121970
281175
28111970
281077
28101998
28101973
280794
280684
28061996
28061959
280593
280582
280557
28051997
28051969
280482
28031966
280279
28021974
28021972
280194
28011996
28011968
28011962
2772
27121974
27121967
271192
271191
27111976
271094
271089
27101996
270982
27081971
270781
2707
270676
270592
27051998
27031996
27021974
27021972
27021971
27021969
27021966
27021961
26121998
26121974
261182
26111995
261078
26101998
260994
26091973
260890
260881
260787
260680
26061971
26051997
260494
26041966
260393
260281
260276
26021973
26021964
260199
26012601
26012000
26011973
254xtpss
2524
251278
251189
25111972
25101996
25101973
25101964
250978
250893
250879
250875
250860
25081968
250773
250680
250677
250672
25051969
250474
250394
250373
250279
25021995
250194
246246
2444
2436
2416
241283
241278
241277
24121998
24121971
241193
24111972
24111967
24111961
241082
241072
24101995
24101974
24101972
240992
240978
24091998
24091972
240881
240878
24081973
24061999
24061972
240577
240492
240481
240480
24041964
240391
240382
240377
24031969
240291
24021998
240190
2400
23wesdxc
2375
23142314
231275
231269
23121971
231176
23111969
231096
231074
230972
23091973
230897
23081970
23071995
230669
23061972
230488
230374
23031967
23031966
230292
230271
23021969
23021962
230179
23011971
22882288
2267
22552255
2252
2230
2225
2224
2213
221276
221195ws
221195
22111970
221094
221080
221079
220973
22091997
22091972
220878
22081973
22081965
220770
22071970
22071969
220694
220682
220679