220675
220674
22061967
22061962
220593
220592
220489
220478
22041972
220379
220377
22032000
220295
220276
22021972
220174
22011969
21436587
214214
21121972
21121968
211193
211180
211089
211077
21101966
210979
210978
21081958
21071998
21071974
21051995
210496
210493
210479
210392
210390
21021969
210175
21012000
2024
201293
201291
201278
201276
201275
201185
20111970
20101974
200987
200985
20091960
20081975
20081972
200786
200774
20071996
20071970
200578
200572
20051998
20051963
20041972
200391
200287
200270
20021972
20021960
200188
200182
200178
20011963
20000
200
1Yyyyy
1Xxxxxx
1Silver
1shot2
1Rocks
1qasw23ed
1Panther
1Orange
1money
1Melissa
1Hello
1Ginger
1Fire
1Charlie
1Boomer
1Biteme
1Bitch
1Beavis
1asshole
1Andrea
1abc2
1993199
198900
197878
197346
195000
19221922
191278
191177
19111976
19111971
19111970
19111962
191081
19101968
19091996
19091995
190877
190692
190689
19061973
19061970
190582
19051998
190487
190477
19041998
19031974
19031972
19031971
19031966
19031962
19021972
190191
1880
1824
18121970
18121962
18111971
18101971
180979
180978
180974
18091995
18091973
180893
18081998
18081996
180791
180675
18061999
18061997
18061996
18061970
180480
180470
180394
180379
180374
18031972
18031970
18031960
180294
180289
180194
180187
180185
18011973
18011972
18011966
171293
171292
171284
171171
171091
171077
17101974
170881
170879
17081966
170775
17071969
170691
170684
170682
170576
17051997
170495
170479
17041968
17041964
170373
17031973
170275
170205
170195
170182
170170
17011973
17011965
16309
16121998
161182
161176
161172
161093