16101972
160991
16091998
16091996
160792
160790
1607
16061974
16051970
160480
160476
16041997
16031963
160292
160291
160281
16021971
160174
16011963
1574
154154
151270
151191
151174
151094
151079
15101971
15101963
15091999
15091975
150876
15081971
15081966
150794
15071998
15071960
15061972
150576
150573
150494
15041970
150383
15021997
150150
148888
1420
141269
141179
141178
141079
140980
140795
140780
140778
140682
14052000
14051999
140393
14032000
140295
140294
140277
14021968
14021960
140184
140170
14011998
14011970
13971397
1378
1357246
13467
13251325
1319
131177
131172
131131
13111970
13111969
131094
131092
131090
131077
131070
130896
130793
130792
130697
130693
130674
130670
13061968
13061963
130574
13051995
130493
13041960
13031971
130295
130284
130278
130194
130181
13012000
13011968
12qw
1298
1292
128mo
1287
1284
1276
1255
123sex
123kid
123654987
1236547890
1234as
1234a
12345zx
12345abcde
1234578
123456zx
1234567w
123456789aa
123456789101
1234567890zzz
12342000
12341
123400
123321qq
1232323
123123s
121966
12151215
121416
12131
121270
121267
121265
121258
12121972
12111958
121074
121071
120978
120975
12092000
12091963
120872
12081998
12081969
12081960
12071973
120675
12061997
120595
120594
120479
120468
120461
12042000
120372
120371
12031961
12021999
12021995
12021970
120192
1186
1176
1123581
112288
112176
112001
11199
111983
111294
111274
11121972
11121960
111193
111182
111156
111123
11111111111111111111
111081
11101972
110996
11092001
110895
11081973
110795
110792
110785
110771
110693
110685
110674
11061997