110596
110587
110572
11041965
11031999
110278
110270
11021970
110193
110190
110180
110173
11011996
11011973
11011966
1086
107107
106666
1060
1058
1043
1032
10231023
101986
101978
101296
101280
10121969
101196
101176
101175
10111966
101091
101066
101061
10102020
100976
100975
10091998
10091996
100891
100881
100791
10071996
10071966
10071965
10061972
100574
100567
10051997
100376
100374
10032000
10031961
100274
100273
10021996
100181
09121979
091189
091183
091182
09111996
091066
09101963
09090
090889
090879
090782
09071973
090692
090682
090677
09061998
090581
090491
090486
090484
09041999
090392
090389
09032000
09031975
090290
090280
090180
09011995
09011977
0887
0852
081278
08122000
08121972
08111994
081082
08101971
080989
080985
08091998
08091973
080882
080878
080780
080778
08061998
08061971
080582
080576
08051997
08051962
080486
080483
080379
080290
08021965
080189
080182
08011972
08011970
0788
074401
0724
071283
071190
071184
071177
07111965
071082
07101970
070989
07081998
070778
070770
07071996
07061968
07051996
07051969
070490
07041998
07041997
07041968
070387
070371
07031972
07021996
07021973
07021972
07021971
070193
070190
070179
07011965
0691
0628
0627
0625
0622
0615
061279
061277
061273
06121996
061192
06111995
06111974
061075
06101970
06091972
06091970
06081996
06081968
060793
06071998
060677
060586
060585
06052000
06051996
06051969
06051968
06051965
060487
06041964
06031970
060276
06021998
06021966
060190
060175
06011998
0599
0519
051288
051274
05121996
05121973
051180
05111994
05111971
051080