050990
050977
05091972
05082000
05081998
050780
050775
050592
050579
050578
05031964
050274
05021966
05011971
05011968
0427
0414
041290
041273
04121993
04121973
04121969
041186
04111973
041088
041078
040990
040984
040977
04091996
040886
040883
040882
04081971
040785
04071969
040688
040679
040577
04041971
040390
04031971
04031967
040296
040282
040273
04021995
04021972
04021966
040187
040185
04011970
0369
031274
03121974
031194
031174
03111996
031090
031083
03101964
030990
030980
03091969
03071971
030683
030669
03061971
030583
03052000
030480
03042007
030405
030391
030381
03031999
03031964
030288
030285
030284
03021996
030190
030186
03011968
0213
021276
02121962
02111970
021076
02101960
020987
020985
020981
02091962
020893
020875
020781
020696
020683
020678
020672
02061961
020369
02031998
02020202
020190
020185
02012009
02011998
02011963
01470147
01440144
011280
011191
011082
011081
01101996
01081988m
01081969
01081959
010791
010784
010781
01071973
01071969
010677
010594
010592
010572
01052000
01051972
01051961
010476
010474
010380
010376
01032008
01031967
01031962
010291
010282
010269
010193
007008
005500
0022
000222
0002
000013
000012
000009
????
Zzzzzz1
Zzzzz1
zzzzxxxx
zyltrc
Zxcvbnm1
zxcqweasd
zxc123zxc
zSfmpv
ZjDuC3
zhanna
zenit
Zealots
zcegth
zaq12w
zachar
yzerman1
yt1300
YR8WdxcQ
yourname
yonkers
yellow12
ybrjkftd
yasmi
Xxxxxxx1
xswzaq
xswqaz
xfqybr
xenon
xcalibur
wqMFuH
workhard
wordlife
woodford
womersle
wolfdog
WIZARD
winthrop
winnipeg
wildthing
wigwam
wicker
wheaties
wetass
westward
wesdxc
welshman
welkom01
wehttam