3124
311music
311279
310895
310874
31081970
31081969
31071966
31071962
310592
31051997
31051978
31051975
31051972
31051970
310395
310394
310390
31031963
31031960
31011998
31011971
305pwzlr
303303
301290
30121996
30121973
30121970
301192
301093
30101996
300995
300983
300979
300973
300892
300877
300675
300575
30051970
300478
30041976
30041961
300385
30031963
300196
300194
30011974
30011971
30011966
291293
291275
29121974
29121971
291184
290992
29091970
29091964
290886
290780
29071969
29071960
290677
29062000
29061967
29061963
290393
290374
29031970
290193
290182
29012901
2888
284655
28462846
2835493
28322832
281276
28121959
28111971
281081
281076
28101971
28101969
28101965
280995
280898
280877
28081964
28081960
280780
2807
280694
28061970
28061968
28051999
280480
280475
280393
280392
280382
28031967
28021968
280173
28011998
28011969
2712
271177
27111971
27101970
27101966
270994
270984
27091972
270882
27081996
270795
270780
270687
27061967
27051973
27041998
27041967
27041962
270378
270376
27031971
27031968
27031966
270270
27021998
27012000
27011997
27011969
267605
2639
26121973
26111998
261091
260981
260979
260972
26091997
26091971
26091966
26081973
26081971
26081968
260794
260792
260777
260776
26071999
26071997
26071971
260682
260674
26061997
260579
260578
260577
260575
260573
260495
260479
26041975
260379
26031996
260287
260273
26021999
260180
26011964
25452545
2522
251292
251281
251273
25121973
251191
251176
25111995
25111994
251082
251074
250991
250980
250976
25081964
250778
250774
25071999
25061972
25061963
250594
25051998
250490
250476
25042000
25041966