250392
25021962
250193
250173
25011970
250000
2498
2449
2427
2425
241272
241176
24111974
24111968
241092
241081
241080
24081970
240791
24071969
240671
24061996
240579
24051972
24041972
24041971
240397
24032000
240295
240194
24011974
23jordan
2378
236236
234432
2341
231271
23121972
23121970
23121960
231195
231194
231174
23111996
23111974
23102310
23101975
23101970
230979
23091998
23091968
23091966
230881
230796
230676
230675
230674
23061970
23061969
23052000
23051999
23051970
23051967
23051962
230471
23041967
230394
230372
230279
230272
23021967
23021961
230181
2278
2269
2243
222999
222666
22223333
22221111
221295
221293
221272
221221
221199
221194
221192
221166
22111996
22111971
22101975
22101965
22091971
220895
220882
220874
22071996
22061973
220591
22051964
220495
220480
220475
22041967
220392
220371
22031998
22021961
220177
22011963
2169
2148
2132
213141
2126
2115
211291
211277
21122012
21121996
21121975
211172
21111998
21111971
21111970
21111965
211094
211090
211078
21101969
210991
210877
210777
210696
210692
210672
210669
21061973
21061963
210594
210592
210576
210571
210378
21031997
21031969
210278
21021971
21011968
2028
2013
20111965
20111958
201095
201093
20101976
20101972
200979
200972
20092010
200893
200777
200694
20061965
20061962
20061961
200595
20051966
20051958
200477
200476
20041967
2004-10-
200381
200377
20031973
20031972
20031968
20031960
20021997
20021963
200192
200179
200175
20012000
1Xxxxx
1Winner
1w2w3w4w
1qaz3edc
1Pepper
1p2o3i
1j9e7f6f
1Golfer
1Ggggg
1Fffff
1Eeeee
1Ddddd
1Bulldog
1Bailey
1Ashley