1Arthur
19977991
199200
19899891
198611
198300
198215
197800
19733791
1958proman
195555
19391939
19371ayj
1927
19216801
191286
19121997
19121972
191188
191083
19091971
190887
190783
19071975
19071972
19071966
19071907
190685
19061969
190584
190483
190481
19041975
19041967
19041965
190384
190289
190279
1879
1820
181284
181281
181195
181184
18111962
181091
18102000
18101974
18101969
18081972
18081970
18071969
18051962
180477
180269
18021977
180193
180184
180177
18011999
18011970
179355
171276
171273
171177
171175
171174
17111997
17111971
170984
170976
17091997
17091969
170872
170871
17081999
170693
170596
170593
170476
170471
17041972
17041967
170395
170277
17021969
17021961
1666
1654321
16191619
161290
161192
161189
161178
161095
16101955
160977
16061969
160597
160594
160578
16051969
16051965
16041971
160381
160378
16031967
160278
16021972
16011959
159753z
15975300
159357456
15851
158272
1557
1521
1518
151279
15121998
151196
150995
150977
150897
150892
150675
15061998
15061969
150595
150583
15051998
15051996
15051971
15051965
150474
15041969
15041962
150381
150288
150281
150278
150196
150183
150180
15011998
15011997
15011964
1453145
1440
14231423
1417
14121969
141175
14112000
14111974
141078
14101966
140992
140763
14071996
14071973
14071971
140684
14061969
140591
140481
14041997
140374
14031970
14031961
14012000
1366
136136
1322
1320
131281
131277
13121962
131211
131174
131171
131091
131074
13101970
130980
130977
13091972
13091969
130877
13081975
130794
13071962
130696
130695
130675
13061969
130593
130472
130395
130263