13011964
1288
1285
1272
1263
1259
1242
1234qq
12345qq
12345ab
12345aa
123456ss
12345698
1234567v
1234567k
123452345
1234512
123321qweewq
12332100
123213
1232000
122976
122500
122436
122369
121994
121991
121986
121972
12171217
121296
121294
121293
121274
121262
121255
12123434
12122000
12121969
12121967
12121962
121173
12111965
12111211
121075
121070
120993
120973
12091966
120874
12081961
120792
120776
12071998
12071996
12071959
120695
120673
12061970
12051972
12051967
12041962
12041204
120373
120368
12031998
120291
120277
120274
12021968
12021967
120196
120190
120170
120161
12012000
12011967
12011966
12011965
1194
1184
1168
1149
113311
112311
112000
11121974
11121973
111199
111170
11111973
11111960
111094
11101973
110991
110975
110897
110876
110872
110869
11081963
110775
110770
11071974
110676
11051966
11051965
11051962
110475
110465
11041972
110387
110360
11031996
11021976
11021972
11021968
11021966
110196
110192
110179
11011974
11011971
1085
1073
1067
1059
1054
1029384756q
101270
101269
10121965
101067
100980
100979
10092000
10091968
100879
10082000
10081967
100779
10071960
100697
100696
10051966
10041004
10031967
10031003
10022000
10021998
100197
100175
100171
10011967
100101
0p9o8i
09870987
0986
0978
0919
0913
09121995
091188
091180
091179
09111974
090991
090977
090880
090872
090788
090780
090679
09061996
090585
090566
09051998
09051996
09051970
09051965
090488
090479
090472
09041971
09041967
090385
090381
09031974
09031971
090293
090283
090191
090186
090177
0819
0816
081287
08121970
08121969
081196