08111995
08111969
081081
080876
08081967
080774
08061995
0806
080580
080491
080485
080479
08041968
08041967
080385
080376
080371
080286
080275
08021999
08021996
080180
08011976
08011971
0716
0715
071279
071183
07111998
07111969
07101964
070979
07081970
070795
070790
070776
07071998
07071971
070689
070686
070684
07062000
070583
070582
07051973
070488
070480
070380
070283
070280
070186
07011971
0620
0619
061185
061183
06111996
061095
06101975
06101972
06101965
06091973
060889
060883
060875
06081972
06081967
060784
060695
060679
060678
060589
060587
060486
060484
060378
060292
060290
060281
060280
060278
060198
060188
06011969
0569
0528
051177
051176
051092
051090
051087
051070
05101965
050973
05091966
05081965
05071974
05071969
050694
050691
050677
05062000
05061974
05061971
05061968
05051974
05051973
05051972
050489
050482
050480
05042000
05031962
050289
050284
050280
050188
050184
050172
05011999
05011963
0486
04325956
041291
041289
04121971
041182
04111977
04111966
041096
04102000
040966
04091971
040893
040885
04071966
040685
040684
040682
040675
040574
04051965
040491
040481
040468
040383
04031973
04031961
04031959
04021971
0402
040189
040186
040179
040175
0383
0357
033028Pw
031293
031289
031195
031178
031177
03111977
031092
031074
03102000
03101997
030991
030988
030893
030890
030878
03081998
03081962
03071966
030684
030682
03061970
030595
030589
030572
030571
03051961
0305
030488
03041997
03041970
03041968
03041966
030371
030187
030178
03011973
0289
021292
021192
021178
02111973
021095