29031962
290272
290179
290171
29011996
2901
281284
281279
281274
28121968
28121962
281178
281177
28111969
281079
28101997
28101994
28101966
28091999
28091971
28091969
280872
28081968
280695
280678
280576
28051960
280495
28041969
28041964
28041959
28031972
280295
280192
28011967
28011963
2770
276115
2728
2723
271280
271172
271169
27101998
27101997
27101969
27091958
270880
27081964
270775
27071956
270678
27051997
27051968
270492
270470
270391
270371
270370
270198
270191
270174
2695
2691
26842684
2668
2667
2665
2652
26429vadim
26351
2622
261280
261279
261276
261175
261174
26111996
261077
26101969
260996
260988
260976
260895
260874
260780
260693
26041997
26041967
260377
2602
260179
26011968
26011963
2581
255225
2539
2527
25222522
2521659
251295
25121963
251193
25112000
25111968
251075
251071
25101966
25101965
25101960
250995
25091997
25091968
25091967
250797
250793
250770
25071962
25061970
250578
250573
250478
250472
250461
25041970
25041967
25041963
250374
25032000
25031969
250295
250277
250275
2502557i
25021971
25021968
25021966
250169
2466
241293
24121972
241180
24111970
241076
241061
24101966
240980
240976
240876
24081996
24081969
24071960
240677
24061997
240581
240567
24051970
240476
240474
24041998
24031997
24031996
24021974
24021971
240180
24011967
24011960
24011959
2377
2363
23562356
2322
2321
231111
231094
231076
23101997
230878
230877
23081967
23071998
230694
230673
230593
230492
230490
230475
23041970
23041966
230385
23031962
230269
230261
23022000
230197
230195
2273
2265
2259
2242