22334
2220
2214
221291
22121972
22121965
221097
221093
221074
22101964
22101961
220995
220976
220975
22091965
22081974
22081972
22071968
220673
22061998
22061966
22061963
22051963
220496
220494
220482
220476
220474
220463
22041998
22041964
220384
220373
22031968
22031960
22021967
220196
2196dc
2145
2141
21232123
212121qaz
2119
211292
211281
211275
21121967
211171
21112000
211079
211074
211073
21101999
21101998
21101974
210976
21092000
21091967
21091966
21081972
21081961
210779
21071972
210677
21061997
21061971
210573
210570
21051971
21051967
210477
210474
210472
21041998
21041996
21041974
21041967
21041960
210375
210374
21021970
21021967
21021966
21021965
2021
20121974
20121968
20121962
201188
201172
201169
20111964
20101996
201000
20091970
200894
20081973
20081963
20072000
20071969
20071966
200678
200677
200593
200575
20052006
200496
200478
20041964
20041963
200396
200393
200374
20032000
20031966
200185
200183
1Tits
1Spider
1Slayer
1Scott
1Scooter
1q2s3c
1Please
1Mike
1Merlin
1Matt
1lovers
1Jessica
1Jack
1Hockey
1Fred
1Ferrari
1Eagle
1clutch
1Chevy
1Chelsea
1Ccccccc
1Butthea
1Braves
1big
1Bbbbb
1angel
19952009sa
199199
198912
19891
198811
198777
198700
1986irachka
19866891
1982198
197411
196
19171917
191193
191090
190983
19091967
19091963
19091961
190890
19081995
19071970
19071968
190684
19061971
19061967
19041970
19031999
19031970
190292
190283
19021968
19021960
190181
19011997
19011967
1877
1836
181270
18121965
18101962
180992
180975
180895
180891
180890
180862
18081971
18081808
180792
180777
18071996
18071972
180693
18061968
180593
180576