180575
18051999
180484
180474
18041963
180397
18031997
1803
180287
180275
18021997
18021968
180196
180173
18011998
17891789
177177
1726354
1724
1721
1719
1718
17121998
17121972
17121968
171173
171064
170994
170991
170978
170975
17091970
17091966
170892
17081997
17081964
17081962
170781
17071970
17071966
17042000
17041969
170391
170382
170381
170377
170370
17031999
17031971
17031967
17031964
17031957
170291
170193
17011972
17011966
1680
167943
16641664
164379
1620
16121969
161196
16111996
16111967
161079
16101997
16101961
160993
160969
160892
160878
16082000
16081971
160779
16071998
16071997
160691
160678
160675
160598
16052000
160493
160492
16031965
16021997
160178
15s9pu03
159789
1597530
1582
157953
15121963
15121958
151192
151171
151077
15101998
150993
150992
150974
15091965
150877
150874
15081997
15081965
150779
15071967
15071959
150678
15062000
150478
150472
150470
15041997
15031967
15021971
15021962
150192
1472583
1443
144144
1434
14251425
1423
141280
141278
141275
14111998
14111969
141074
14091962
140878
140874
14081969
14081965
140773
14072000
14071998
140676
14061997
14061970
14061406
140498
140477
140476
140459
14041962
14031971
14031964
140273
140272
14021999
14021971
14021963
14011971
14011969
1400
137946
13661366
135795
13579135
135135ab
13301330
13245678
131275
131178
13111995
131071
13101969
130996
13091964
130874
130873
13081997
13081995
13081966
13071997
13061977
13061974
130598
130580
13051975
13051963
13041974
13041968
130387
130376
130275
130255
13021972
130178
13011999
13011962
130000
12q12q
1296
1294
1251
123abcd