123ABC
123578951
12345Q
12345asdfg
1234599
123456Z
123456qwert
123456aaa
123456aA
123456798
123456789zx
123456789.
123456788
12345611
123321s
123321az
12321232
123211
122000
121987
121979
12181218
12121974
12121965
12111970
12111964
12111962
12108
12101996
120999
120974
12091969
12091967
120897
120896
120873
120870
120868
12081962
120798
120775
120774
12071997
12061972
12061969
12061961
120573
120568
12052000
12051998
12051964
120472
12041998
12041960
120369
12031965
12021963
12021961
120169
12011972
1185
1162
1133557799
11335577
11301130
112299
112234
111981
111976
111293
111273
11117
111111aA
111093
111074
111072
11101997
110993
110967
11091974
11091968
110875
110871
110868
11081960
110797
110772
110769
11071959
110696
110574
11051970
11051967
110477
110476
110468
110369
110363
110359
11031972
11031965
110281
11021967
11021962
110171
11012000
11011970
110101
1094
1092
109109
1083
1065
1056
1051
1049
10311031
10301030
1020315
101998
101380
10121964
101171
101170
10111965
101093
101064
101055
10101966
10101963
100996
100967
10091965
100897
100774
100770
10072000
10071962
100661
10061970
100595
100593
100582
100573
100566
10051960
100496
100474
100464
10041969
10041963
10041960
10031998
100299
10021969
0990
0915
091279
091275
091272
09111995
09111970
09101977
09101974
09101971
090982
090972
090971
09092000
09091997
090891
090883
09081970
09081966
09081962
090793
090786
090781
09071966
090680
09061970
0906
090582
090577
090576
09051967
09051964
09041973
09031973
090295
090294
090289
090286
090278
090190
09011998
09011971
09011970
0883
0880