0821
081279
081188
08111971
08111970
081088
081070
08101969
080987
080983
08091971
08091967
080871
08081997
080779
080777
080681
080678
08061972
08061966
080591
08051964
080490
080489
080472
08041969
080382
080374
080372
080284
080281
08021969
080187
080186
080175
080174
08011997
07931505
0791
0786
0777
0770
07111997
07111994
07111963
071081
071069
070981
070978
070887
070873
07081971
07081961
070792
070785
07071969
07071968
07070707
07061970
07061961
070593
070578
070577
070576
07051972
070465
07041999
07041967
07041960
070392
070391
0703
070293
0702
070187
070182
07011969
07011966
0664
0650
0629
061284
061280
061177
061084
061080
06101969
060986
06091967
06091961
060874
06081966
060788
060781
06071967
0607
060685
060670
06061964
060593
060583
060469
06041967
060395
060385
06031997
06031968
0603
060289
060279
060275
060273
06021972
060192
060187
060185
06011999
06011970
0580
0517
051277
051271
05121960
051191
051091
050980
050896
05081996
05081969
050792
050777
05071964
050674
050582
050574
050569
05051964
050488
05041965
050391
050386
050376
05031999
050277
050276
05021969
050194
050193
05011970
05011960
041272
04121995
04121967
041181
041180
04111968
041091
041081
040976
04091997
04091961
040887
040878
040866
040795
040778
040776
04071997
040696
040676
040581
040506
040475
04042000
04041962
040379
040291
040284
04021968
04011968
0329
031283
031277
03121995
031190
031182
03110311
031079
030987
030979
03091999
03091996
030884
03081999
030795
030768
03072000
030691
030677
030578