34778
3388
337733
33693369
33334444
321cba
3215
3194
316497
31323132
311280
311278
31121997
311092
311078
31101969
310894
31082000
31081996
310594
310576
310381
310379
310373
31031971
310197
310183
310180
31011965
3100
3052
301073
301072
301070
30101968
30091969
300893
30081970
30081969
30081968
300775
30071995
300693
30063006
30061969
300574
300572
30052008
300392
30032002
30031968
300185
30012000
30011999
30011967
2gether
291276
29121996
291190
291187
291181
291173
291078
29101973
290975
29091999
29091997
29091960
290897
290896
290892
29081998
290794
290772
290695
290678
290674
29061962
290595
290578
29051963
29051959
290492
29042000
290394
290392
290381
29031998
29031964
290280
290195
290194
29011997
281268
28121997
28121969
281187
281169
28111967
281073
28101970
2809
280895
280875
28081971
28081970
280778
280773
28071960
280707
280692
280685
280673
28061961
28051968
28051967
28051966
280481
280464
280396
28031973
28031964
280294
280283
280274
28011999
28011966
2766
2715
271295
271279
271278
27121995
27121969
27121961
271170
27111998
271095
271091
27101973
27101967
270992
270980
270978
270895
270879
27081998
27081972
27081969
27081966
270776
270768
27072000
27071963
27071962
270677
27061970
270572
270475
27041966
270395
270379
270374
270362
270295
270280
27021965
270196
270195
270177
27011998
27011968
267ksyjf
26121997
26121966
261095
26101966
260978
260977
260894
260889
260879
26081967
26081962
260795
260774
26071965
260695
260673
26062000
26061960
2606
260574
260475
26041963
260395
260394
26031968
26031963
260293