26021969
26021966
260181
260175
26011969
2589
2587
258654
2570
2564
2562
2521
251293
251277
25121998
25121969
251173
25111974
25111966
251094
250996
250970
25081999
250794
250775
250771
25071971
25071969
25071964
25071960
25061969
25051967
25051959
250505
250496
250495
25041999
250375
25031967
25031962
25031956
250294
25022000
25021961
250196
250195
250172
25011968
25011965
25011962
25011961
250100
248ujnfk
2477
246890
246824
2465
2456
2453
2433
24111998
241094
24091970
24091968
24091960
240896
24081961
240794
240792
24071973
24071967
240692
240675
24061970
240570
240562
24051961
24041962
240380
24031999
24031998
240294
240275
240197
240179
240173
2359
232232
2313
231294
231273
231178
231177
23111998
23111995
23111958
231077
23101998
230976
230970
230896
230874
230783
230779
23071965
230671
230670
23061996
230596
230595
23051968
230396
230377
23031998
23031969
23031964
23031961
230278
23021965
23021964
230194
23011965
2272
2264
2257
2254
2217
2216
221264
22122212
22121968
22111958
221092
22101969
22101967
22092000
22091969
22091964
22091960
220896
220893
220868
220866
22082000
22081969
22081967
22071960
22061960
22051970
220479
220470
220374
22031969
22031962
220263
22021966
220183
22011956
220022
2187
2183rm
2176
216216
2151
2150
211276
211268
21121965
211174
211112
211082
211081
21101997
21101996
210996
210995
210980
210973
21091968
210881
210878
210876
210794
21071997
21061999
210593
21051969
21051968
21041968
21041966
21041963
210370
21032103
210294
210280
210277
210276
210273
21021956
21011997