21011969
21011966
2052
2031
2025
2014
201295
20121969
201201
201198
201191
20111963
201091
201080
201062
20101997
200994
200978
20091998
20081997
20081964
20081961
20071997
20071963
20071957
200673
20061970
20061967
20061960
200495
200376
20031961
20022003
20021968
20021964
20021962
20011966
20011961
1z1z1z
1qwertyuiop
1qaz@WSX
1qayxsw2
1q3e5t7u
1pussy
1Morgan
1Mickey
1Maggie
1Joshua
1Jjjjj
1grizzly
1Fucker
1Compute
1Chris
1chris
1Asshole
1Aaaaaa
1a2s3d4f5g6h
19955991
199423
199412
198919
198787
198600
198555
198519
197600
197430
197197
197100
19441944
1924
19181918
191291
191290
19121960
191189
191185
19111958
191091
19101969
19101965
19091970
190892
19081969
19081964
190789
190681
190676
19051961
190491
190480
19041969
190387
190381
190377
190374
19031965
19031959
190291
190286
190285
190277
190186
190180
19011964
19011959
1814
181293
18128
181277
181271
18121963
18111998
181093
18101966
18091997
18091968
180879
18082000
18081957
180794
180787
180778
18071997
18071963
180678
18061963
18061959
180595
180495
180481
18041969
180395
180393
180390
180375
18031971
180295
180274
18021998
18021969
18021965
180192
18011964
1723
171277
171182
17112000
171076
17101998
17101969
17101966
170992
170980
17091961
170873
17082000
17081998
17071994a
17071961
170695
170679
170674
17061969
17061966
17041971
170393
170284
17022000
17021970
17021968
17011957
16911691
166666
16473a
1640
1625
1623
1618
1614
161294
161271
16121968
161195
161170
16111968
161096
161092
161075
16101978
160995
160994
16091970
16091959
160893
160881
160877
160870
16081967
16081966