160794
160789
160775
16071961
160671
160575
160572
16051997
16051958
16041969
16041963
16041962
160391
160376
16031999
16031962
16031959
160293
16021961
16021959
160197
160195
160194
160193
16012000
16011977
16011969
16011968
15915
1573
1565
155555
15362
1533
1531
15261526
151500
151281
151273
15111969
15111966
15101969
15101965
150994
150991
150975
15091998
15091958
150893
150864
15081961
150793
150774
15071970
150672
15061995
15051967
15051963
150496
150490
15041966
150375
150371
15031970
15021964
15021502
150178
15012000
15011968
1479
147789
1474
1470
1447
1429
142536789
14151415
141290
141273
14121996
14111968
14081970
140798
14071968
14071964
14071789
140696
140678
14061961
140578
14051970
14051965
14051960
140491
140461
14041969
14041966
14041963
140396
140392
14031997
140297
140268
140176
14011996
1385
13601360
1357642
1347
13141314
13121997
13121968
13111971
13101999
13101966
130993
130974
13091999
13091975
13091959
130875
130770
13071972
13071968
130694
130692
130676
13061971
13061970
130576
130572
130563
130495
130475
130377
130373
13031964
13031957
13031956
130271
13011970
1299
1295
1291
1282
1261
125412
124365
123ert
123edc
12399
123678
12345rewq
12345qqq
123456zz
123456qwer
1234567qw
1234567m
123456789i
123456789e
123456789c
123456789as
12345670
123456654
1234554321q
12345$
123445
12343412
123123f
123123123123123
12300
12281228
122448
121970
121298
12128
121259
12121997
121193
12111963
121066
121063
12101999
12101970
12101966
120997
120996
120970
120965
12091999
12091970
12082000
120795
12071965
120697
120674
120598
120597
120571
12051969