120496
12041966
120394
120299
120278
120276
120270
120269
12021971
120163
12011971
1195
1191
118a105b
1182
118118
11661166
1166
1158
115511
115115
11281128
112482
112244
112233445
11223311
11201120
111a111
111987
111870
111568
111292
111281
111222q
111194
111173
111172
111163
11111999
11111118
111100
111082
111077
11098
110969
110894
110877
11081968
11081959
110695
110671
11061970
11061964
110491g
110474
110473
11042001
11041957
11031966
110299
110271
11021998
110176
11011967
11011963
10987654321
1048
1042
102878
102575
102030405
101297
101273
101264
101195
10111971
10111960
1011111
10111
101099
101097
1010220
10101961
101001
100years
100999
100974
10091970
10082001
10081997
10081968
100773
10071968
10071967
100672
100667
100571
10051968
10051962
10041998
10041968
10031968
10031964
10031960
100295
100281
100265
10021967
100193
100176
100168
0u812
0cDh0v99uE
0925
091288
091276
09121972
091186
091184
091178
09111969
091092
091086
091079
091071
09101968
090993
090992
090987
09091968
090871
09081969
0908
090791
09071999
090691
090678
090670
09061968
09051966
09051958
090485
090473
09041962
090387
090380
09031997
09031964
09021998
090189
09012000
09011964
0889
0825
082288
081286
08121976
08121964
081190
081182
081174
081083
081074
080992
080984
08091970
08091966
080894
080875
080873
08081961
080789
080784
080775
080689
080684
080679
080588
080586
080584
08051968
08041966
08041965
08041961
080394
08032000
080289
080288
080285
08021964
080184
08011996
08011963
0790
0773417k
0718
0713
071292
07121974
071194