071191
071180
071170
07110711
071084
07101971
07101969
070994
070985
070975
07091997
07091968
070893
070885
07081966
07081959
07061996
07051964
070481
07041996
07041962
07021997
07021967
07011970
07011962
0630
061292
061287
061283
061271
061184
061179
06111964
061069
060975
06091971
060876
060873
06081961
060783
060778
060694
060682
060680
060675
06062000
06061962
06051998
06051971
0605
060480
060477
06041996
06041969
06041961
060382
060381
060295
060286
060197
060194
06011967
0529
0527
0525
0523
0516
051276
051275
05121971
051189
051175
05111998
051095
051089
051086
051073
05101968
05101963
050992
050991
050975
05091958
050892
050887
050885
050872
05081999
05081963
05071968
050693
050692
050678
05061960
050594
05051960
050485
050470
05041998
05041973
05041969
05041966
05041963
050395
050392
050390
050378
05031965
050291
050273
05021965
05021964
050191
050189
050180
05011972
0494
04121974
04121966
041184
041171
04111999
04101996
04101995
04101970
040987
040981
04091965
04081962
04081960
040779
040777
040694
040692
040677
040587
04051967
04051963
040494
040489
04041965
04041960
040385
040374
040364
04031963
040281
040196
040184
040181
04011971
04011965
0390
0385
0328
03121964
031192
031181
031176
031077
03101968
030978
030888
030870
03081969
03081968
03071967
03071965
03071959
030694
030575
03051997
03051965
03051960
030493
03042008
03032007
03032005
03032000
030296
030283
030282
030279
030278
03022008
030180
030177
030175
030172
03011967
03011963
0284
0226
0218
021275
021270
02121967
021177
02111965
021091