30051997
30051974
30051968
30041969
30041967
30041962
300379
300377
30031997
30031964
30031959
300174
30013001
30011997
30011963
30011961
2twins
2enter
2bornot2b
29121998
29121969
291193
291191
291176
29111965
29111963
29101963
290980
29092000
290885
29081971
29081967
290795
290778
29072000
290692
290676
290675
290670
29061970
29061968
290572
290571
29051967
290472
29041997
290384
29031997
29031969
29031961
290177
29011966
288288
281293
281277
281173
281080
28101972
280978
28091965
280896
280874
28081967
28081961
280798
280772
280693
280681
280674
28061998
28061971
28061969
28061966
280573
28051972
28051961
28041967
28041966
280397
280379
28031961
280276
280270
28021960
28021956
280175
28011964
28011961
2800
2791
271296
271277
27122000
27121966
271193
27111996
27111967
27111961
271093
271071
271069
27102710
270995
27092000
27091970
27091969
270897
270793
270770
27071997
27071970
27071965
27071955
270694
270693
270672
270577
27051996
270496
27041969
2704
270394
27031963
27031960
270297
270294
270275
270180
27011962
269269
2669
264264
2628
261397
26121964
261179
26111970
26111966
261096
260992
26091998
260892
260872
26081965
260773
26071966
26071959
260675
26061969
26061968
260572
26051998
26051964
26051963
26051959
260480
260478
260476
26041999
26041960
26041958
260396
26031998
26031961
260296
260294
260277
260270
26021972
26011967
258147
2572
2569
25563o
25522552
2549
2532
2517
251271
25121970
251197
251195
251171
25111970
25111961
251077
251076
25101997
250994
250975
250972
250971
25091998
250870
25082000
25081965
250792
25071968
25071965
25071958