25051996
25051964
25042001
25041968
250395
250378
25031999
25031964
250280
250250
25021967
250178
24lover
2488
2485
2475
245lufpq
243122
241455
241276
24121969
24121968
24121964
241093
24101967
24091961
240880
240875
24081997
240793
240679
240672
24061964
24061960
240595
240593
24052001
240495
24041970
24041966
240394
240371
24031964
24031959
240284
240272
24022000
24021997
24021969
24021963
240172
240162
24012004
24012001
237237
2358
23572357
2347
2331
2328
231274
23121969
231196
23112311
231123
231095
231093
23101995
23101965
230995
23081974
23081964
230795
23071963
23071962
23071961
230693
230678
23061971
23061966
23061960
230581
230576
23051998
23051959
230494
230476
23041973
23041961
230395
230275
230274
23021997
23021960
230178
230171
23011999
23011961
22q04w90e
22742274
2256
2246
2240
2229
222000
221268
22121971
22121969
22121964
221168
221164
22111998
22111967
221095
221070
22101970
22101966
22101960
220991
220967
22091999
22091998
22091968
220795
220766
22071999
22071965
220696
22061975
22061970
22061961
220569
22051997
22051968
22051965
220465
22041971
22041960
22031999
220220
220162
22011965
22011962
2125
2116
211272
211179
21111973
21111967
21111963
210977
21091998
21091969
210895
210894
21081967
210798
210792
210775
210773
21071999
21071967
21071964
210671
21061967
210596
210579
21052105
210478
210475
21041971
21031998
21031963
210286
210179
21012101
21011964
21011962
208208
2030
201274
201269
20121998
201193
20111998
20111969
201070
20101998
20101969
20101968
20101962
201
200995
200980
200974
200890
200865
20081971
20081970
20081966