200796
200772
20071964
20051965
20051964
20051957
200491
20041965
20041889
200392
200378
20031965
20031962
200274
200169
20012002
20011959
200001
1Zzzzzzz
1Yellow
1XrG4kCq
1w2w3w
1w2q3r4e
1w2q1w2q
1Starwar
1Sparky
1Rosebud
1Porsche
1Phoenix
1Nnnnn
1Miller
1Member
1Matthew
1Matrix
1love
1Hhhhh
1herbier
1Guitar
1for
1Fender
1Falcon
1Edward
1Corvett
1blood
1Bbbbbbb
1Assword
199595
199430
199321
19922801
199212
19911992
199111
1989cc
198920
198910
198800
198721
198627
198622
198621
198522
198207
198181
197619
197300
19719870
197111
196800
196400
191293
191289
19121969
191190
191082
19101960
19101910
190987
190979
19091999
190891
190880
19081966
190786
190781
190777
19071964
190686
190567
19051970
190486
190479
190474
19042000
19041997
19041966
190386
190385
190383
190296
190282
19021963
190182
19011998
19011969
1891
1869
1848
1825
18121959
181177
18111996
18111966
181080
181061
18101997
18101968
18101967
180993
18091998
180779
18071999
18071998
18071964
180670
18061967
180572
180569
18051998
180494
180475
18041967
180384
18031965
18031963
18031962
18031959
18031958
180279
180277
180175
180167
18011960
1765
1732
172839456
1720
1715
171204j
171194
17111969
17111961
171094
17101965
170977
17091959
17082001
17081971
17081967
17081958
17071968
170677
170673
17061964
170578
17051967
17051965
17051963
17051959
170496
170473
170379
17031997
17031965
170278
170174
17011967
170000
1677
1669
1626
1619
161277
161272
161173
161072
16101998
16101968
160975
16091968
16091966
16091965
16091963
16091961
16081961
160793
160773
16071971
160697
16061998