160596
16051971
16051967
16041965
16041964
160380
160372
16031974
160285
160188
160173
160160
16011961
160000
1599
1597532486
1593570
1558
1550
154263
1535
153351
1532
151277
151193
151167
15112000
15111971
151092
151091
15101968
150966
15092000
15091996
150873
150871
15081962
150797
15072000
15071964
150696
150695
150674
15041964
15041963
15041959
15031971
15031961
150275
15021969
15021967
15021965
15021961
15011973
15011963
15011962
1472583690
146969
1438
1431
141270
14121964
14121961
141168
14111961
141072
140994
14082000
14081966
140794
14071962
14071961
14071957
140694
14061998
14051964
14051959
14042000
14041996
14041958
140366
14031965
14031960
140269
140196
140194
140179
1372
1367
1362840
13524
13521352
1348
132333
131986
131517
13121998
13121964
13121963
131213
131195
131175
13111964
131069
13101998
130995
130972
13092000
13091967
130895
130772
130672
13051998
13041969
13041965
130397
130375
130370
130362
13031967
130296
130270
13021998
13021966
130183
12step
1273
1271
125689
125521
1246
1240
123qw123
123qazwsx
123abc123
123852
123579
12356789
1234qwert
12345789
1234567s
1234567l
1234567A
123456789aaa
12344321a
12341234q
12331233
123199
123123qq
123-123
122789
122686
12221222
122133
12199
121977
121975
121974
121480
121263
121261
121245
12121964
12121959
121191
121172
121162
121157
12111973
12111960
12111956
12101964
12091998
12091972
12081974
12081967
120794
120778
12071963
120699
120693
120671
12061998
120574
120560
12051999
12051966
120498
120492
12041965
120367
12031964
12031957
120296
120295
120272
12021969
12021960
12021957
12021954