120173
12011998
12011968
120021
11aa11
1193
1164
116116
1161
1154
114114
1140
1131
112433
112266
11223355
11223300
111Luzer
111969
111295
111291
111270
11121968
11121967
11121962
1111qq
111198
11112007
11111aaaaa
11111964
111111z
1111111a
111076
11101963
11091964
11091962
11091958
110870
11081997
11081967
110796
110779
110774
11072001
11071998
11071969
110697
110670
110669
110665
11061968
11061967
11061960
11061956
11051998
11051997
11051971
11051968
11051964
110494
110472
110471
110464
11041970
11041963
11041955
11041104
11031974
11031969
11031968
110295
110272
110269
11022000
11021964
110198
110172
11011959
110022
109876
1091
1074
10321032
102800
102777
10261026
102090
101981
101798
10161016
101262
10121998
10121968
10121961
10121959
101198
101197
101174
101167
10111963
10111962
101060
100993
100972
100970
10091999
10091961
100877
100860
10081964
100795
100772
10061967
10061961
100570
100568
10051964
10051963
100498
100465
10042001
10041959
100398
10031973
100294
100268
100267
0sister0
0o9i8u7y6t
091285
09122000
09111958
091082
091072
09101973
09101967
090965
09091964
09071998
09071997
09071970
090689
09061999
090597
090590
09051997
09051961
090493
090489
090482
090477
090476
09041995
0904
090396
09021975
09021964
09021960
090176
09011972
0888
08150815
081295
08121996
08121968
08121967
08121965
081189
081176
08101998
08101962
080977
080881
080781
0807
080693
080686
080680
08062000
08061997
08061968
08061967
080596
080568
08051970
080488
080481
080475
08041998
080383
08031969
08031968
08031957
080296
080280
080279
080276
08021997
08021972
08021968