08021963
080171
080170
08011968
0731
0720
071295
071274
07121997
07121970
07121963
071189
071175
07111966
071092
071089
071077
07101999
070992
070991
07091962
070891
07081964
070794
070772
07072000
07071999
07071970
070676
070674
07061997
07061960
070591
07051971
07051963
07051959
070494
070484
070479
070393
070269
07021969
070192
070178
0686
0676
0621
061296
06121971
06121970
06121969
061186
061175
06111971
06111967
061076
06101998
06101971
060970
060896
060884
06081964
060792
060791
06071963
060681
060671
06062006
060576
06051999
06051961
06051960
060489
060483
06042001
06041968
06041960
06041957
060386
060380
060291
060178
06011997
06011971
06011964
0581
0550
0524
0522
0513
051294
051270
05121970
051179
051169
05111997
051085
05101970
050987
050978
05091969
050875
05081971
050791
050778
05071998
05071997
05071970
05071965
050671
050670
05061964
05061963
05052006
05051998
05051967
05051962
050486
050474
050465
05041968
050382
050380
050374
0503
050271
05022003
050196
050182
05012000
05011969
05011966
0480
0469
0419
041288
041285
041279
041277
041274
041271
04121998
04121968
041192
041175
04111970
04111959
041094
041080
04101969
040992
040982
040978
04091960
040875
04081964
040673
04061999
04061962
040576
040575
040566
04051969
04051966
04051958
040496
040493
040490
04032008
04031956
040279
040278
04021997
040169
04011997
0388
0373
031276
031273
03121996
03111997
03111969
031094
031076
031069
031068
03101962
030976
03091968
03091960
030880
030876
03082000
03071968
030693
030675
03061999
03061965
03061959
030597