abcde12345
abcd12345
ABCD1234
abc1
abbydog
abbyabby
abby123
abbas
ab12cd34
a666666
a23456
9Z5ve9rrcZ
9ball
999666333
9955
9837
9638527410
963214
9393
9333
91919191
9085603566
9051945
9004
8vfhnf
89876065093rax
88998899
887788
880888
8778
87654321q
870621345
87062134
85218521
8481068
8302
8123
7seven7
7ofnine
7mary3
7eleven
789963
7899
78978
78965
78917891
78621323
785001
777222
777
7718
750750
7477
7300
72chevy
7274
718293
70707
70077007
6987
6969696
687887
6874
6846kg3r
67stang
67390436
66996699
6699
666222
665566
6655
665259
6633
66005918
65mustan
6556
64256425
6424
6279
6263
6169
5string
5nizza
5C92V5H6
5916
5792076
5574
5556633
555555d
5535
552233
5513
5512
5510
54725472
5458
54545
5449
5434
542001
5417
5415
536536
5288
527952
52545856
523523
5220
521521
515515
51525354
515069
5125
5118
5049
4real
4me2know
4EBouUX8
4cancel
4901
4823
47ds8x
471111
4701
4664
4648
4610
456rty
4565
45645645
4562
4506
44556677
4454
4433
4404
4366
4300
42684268
4254
424365
4206969
420666
420024
4159
4153
41514151
414243
4125
4100
3e4r5t
39533953
37913791
37583867
3722
369741
36925814
3639
3611jcmg
3574
3570
3469
3422
3374
33553355
33221
3292
3278
3275
3247
3242
316271
3151
31415927
3123
31122010
31121999
311094
311076
31101970
31101965
310893
310890
310872
31081997
31072002
31071998
31071965
31071961
31051965
31011969
31011966
31011959
306306
30624700
301278
301277
301274
30121972
301171