30111997
30111961
30111958
3011
301095
301094
30101970
30101969
30101964
30101961
30101960
300993
300988
30091967
30091962
300896
30081997
300771
30072001
30071996
300694
30061971
30061960
300493
300475
30041957
300394
300374
300371
30031969
30031960
30031957
300172
300161
2much4u
2i5fDRUV
2big4u
2913
29121997
29121960
291172
29111974
29111969
29111968
29111960
291083
291075
291074
29101970
29101961
290993
290977
290875
29081962
29071958
290693
2906
290575
29051966
29051965
29051961
29051960
290493
290491
29041999
29041960
2904
290372
290292
290276
29021960
290172
290161
29011970
29011959
28infern
287Hf71H
281297
281294
28121972
28121963
281195
281179
28111996
28101975
28101967
28101963
280994
280981
280893
280876
28081999
280779
280776
28071968
28071966
28062000
28061964
280596
280570
280476
28041963
28031998
28022000
28021967
28021955
280177
280174
2763
27262726
2718
271293
271267
27121971
271194
271173
27111995
271077
271074
270964
27091999
27091962
27091959
27081995
2708
27071998
27071968
270707
270679
270673
27062000
270595
270571
27051959
270476
270473
270465
27041999
27041968
27041961
27041960
270393
270368
27031970
270293
270277
27021999
27021963
27021962
27021960
270179
270178
270172
2677
2666
2651
2643
261298
261277
261271
261269
26122000
261195
261194
261170
26111964
26101965
26091967
26081969
26071998
26071962
26071960
260696
260672
26061998
26061964
26041998
260376
260263
26021959
26011997
2597174
2583
2578
2566
255ooo
255555
2550
2523
25212521
2520
2515
25128
251272
25111958
251065
25101967
25101958
25101954
250973