25091969
25091966
25091958
250878
250872
25081998
250796
250795
250676
25061999
25061968
25052505
25041964
250370
25031961
25031960
250281
25021998
25021964
250177
25011966
25011960
25011959
2482
2468013579
2464
241296
241279
24121967
24121966
241199
241073
24102410
24101973
24101969
24101962
24101958
240996
240993
240975
240970
24091997
240773
240771
24071971
24061998
24051967
24051958
24042000
24041997
240396
240372
240367
24031967
24031961
24031957
240280
240279
240277
240276
24021964
24021962
240177
240171
240169
24011965
24011962
240000
2371
2350
2342
23372337
231297
231293
231270
23121967
23121962
231169
231161
23111968
23111964
231072
231067
231064
23101957
230996
230975
23091967
230893
23081966
230774
23068
23061998
23061968
23061964
2305822q
230574
230573
23051969
23051966
23051965
230497
230478
23041968
23032303
23031968
23031965
230295
230175
230169
23011967
23011963
23011960
230023
2299
2292
228822
22856
2279
2270
226622
2263
2250
2241
22362236
223366
223107
2228
2226
221987
22132213
221297
221274
221270
221175
22111968
22111959
221075
220996
220992
220968
220892
220872
220871
220794
220775
220774
220769
220767
22071966
22071963
22061969
220599
220575
220573
22051967
22051961
22051960
220498
220472
220462
22041956
220372
220368
22031997
22031966
220294
22021970
22021963
22021962
220202
220178
220175
220160
22011999
22011958
2200
2133
212212
2121212
212009164
211279
21121969
211192
211175
21111968
211069
211068
21091996
210875
210694
210675
21061966
21061960
210568
21051963
210481
21041962
21041956
210376