210373
210371
21031967
210195
210193
210180
210178
21011967
202202
20121964
20121959
201175
201174
20111997
201075
201073
20091989q
20091966
20091962
200877
20082000
200795
200771
20071999
20071959
200707
20061964
200576
200573
20051969
200492
200474
200472
20041999
20041968
20031967
20031964
200298
200279
200278
200263
20021956
200174
200172
20011965
20011962
20011957
200111
200101
200007
1Wwwww
1Sunshin
1qazxdr5
1qazxcv
1qa2ws3ed4rf5tg
1q2345
1Player
1Pass
1-Oct
1Murphy
1Mmmmm
1Lllll
1Iceman
1Heather
1Green
1golfer
1Gggggg
1Diablo
1derful
1david
1chance
1Bigmac
1andonly
1Amanda
1996gta
19944991
199411
199103
198821
1987198
198711
198701
198686
198625
19852
19851985p
198512
198425
1984198
198321
19822891
198206
1980198
197926
1978197
197676
197575
19755791
197225
197200
196820
19461946
193728
1928374655
19281928
191287
191284
191282
191277
19121967
19121959
191183
191180
191179
191168
19111995
19111969
191086
191078
19101998
19101973
19101961
19091969
19091964
19091962
19091958
19081998
19071999
190679
19061965
190594
190586
190575
190566
19051967
19051965
19051962
19041959
190389
190379
19031998
19031969
19031964
19022001
19021966
19021959
19021956
190188
190166
19012001
19011973
19011968
19011960
1870
1860
182838
18254288
181295
181280
18121998
18121961
18121960
181193
181176
181169
18112000
18111965
181081
181078
181075
181070
18101999
18101998
18101973
180994
180885
180876
180870
18081997
18081961
180774
18072000
18071966
180698
180696
180695
180680
180676
180672
180669
18061969
180570
18041962
180373
180371
180364
180360
18031964
18021963
180172