18011968
18011963
1774
1772
17711771s
1760
1725
1722
17151715
171275
171269
17121995
17121966
171181
17111996
17111968
171071
17102001
17101968
17101967
170995
17091998
17091968
170894
17081969
170798
170795
170770
170680
17061967
17061959
17061706
17052000
17051998
17051969
170497
170494
170475
17041998
17041960
170394
170378
170366
17031966
170294
170272
17021999
170171
17011964
1671
1646
1633
1617
161276
161191
161175
16111998
16111961
161078
161074
16081965
16071960
160698
160694
160669
160659
16061965
160566
160477
160471
16042000
16041967
160377
160374
16032000
16031998
16031996
160277
160264
16022000
16021968
16021966
160177
16011967
16011962
16011960
159951159
15975391
1597535
1597532
159456
1592
158uefas
1575
1569
1563
155155
1540
1537
1527
1522
1517
151295
151294
151293
151275
151271
151269
15121999
151215
151177
15111997
15111963
15111960
151093
151082
151065
15101967
150896
150894
150880
150878
150872
150772
150770
15071969
150596
150569
15051966
150475
150466
150464
15041999
15041965
150396
15031964
150299
150298
15021960
150197
15011966
15011960
149521
1476
1475
1473
147147147
1468
1454
1450
1435
14159265
14142135
141312190296q
141296
141295
141279
141271
141097
141075
141071
140995
14092000
140775
140766
14061972
14061968
140597
14051963
14051954
14041957
140397
140394
140372
140293
140262
14021967
140191
14011962
14011961
1384
1381
1376
1370
136900
1357913
134679q
1346795
133133
1330
132Forever
132000
1313131313
1313131
131296
131292
131271
131270
13121999
131075