13102000
13101964
13101963
13101961
130975
130969
13091997
130861
13081965
13081959
13071996
13071966
130673
13062001
13062000
13061972
13051999
130471
130462
13041970
13041966
13041963
130378
13031966
130277
130274
130262
13021970
13021963
130198
130197
130177
130176
130174
13011961
13011960
1283
1270
12481248
12457896
123qweqwe
123qqq
123lol123
123jlb
123four
123978
123654z
123589
12350
1234qwerasdfzxcv
12345y
12345j
123456rrr
12345699
1234567qwertyu
12345678m
123456789y
123456789Q
123452
1234512i
123451234
123412341234
123342
123321w
123321qaz
1233215
1232580
123212
123181
123174
123111
122778
122381
12201220
121973
121380
121299
121257
121214
121200
121196
121195
121170
121163
12111969
12111967
12111961
121096
121067
121061
120998
120977
120966
12091968
12088
12081208
12071999
12071967
12071960
12071207
120698
120696
12068
12067
12061964
12058
12051971
12051961
120499
12041997
120398
12031960
120273
120199
120166
12012001
120004
1196
1189
1187
1160
1157
1148
11381138
11251422
112279
112233aa
11221
11211
111lox
111984
111980
111978
111973
111964
111558
111299
111289
111271
111269
111222333000
11121999
11121969
11121
111195
111174
111166
111161
11112002
11111998
11111997
11111969
11111911
1111112
111068
111067
11101967
11101964
110977
110972
11091999
11091969
11091961
11081966
110798
110759
110667
11061999
11061998
110597
110575
110563
11051961
11051960
11041968
11041964
11041956
11038
110375
110373
11032001
11031997
11031963
11031961
11031960
110274
11021960
110195
110178
110175
11011961
1081
10801080
104328q
104104
1037
102181
102100
102000
101991