101671
10121999
10121966
101210
10111998
10111968
101068
101065
10101967
10101964
10101960
100997
100969
10091963
100893
100866
10081969
10081966
10081962
10081960
100796
100794
100775
100768
10071998
100675
100673
100669
100665
10061968
100584
100572
100562
10052000
10051998
10051967
10051965
100493
10048
100470
100466
100458
10041965
10041964
10041961
100396
100391
100368
100367
100366
100261
10022001
10021960
1001sin
100194
100169
10011999
10011996
10011966
0973
0968
091294
091280
09121999
09121998
09121997
09121962
091196
091191
09111971
091096
091077
09101998
09101962
090996
090994
090969
09091959
090878
090877
090876
09081963
09080706
090777
090694
090675
09061997
09061966
09061962
09061961
090592
090471
09042000
09041958
090390
09032001
090287
090285
09022000
09021966
09021965
09011968
09011967
09011961
09011960
0892
0820
081291
081276
081272
081194
081170
08111997
08111974
081092
081084
081072
08101958
080990
080981
08092000
08091965
08091956
080895
08081962
08081960
08080808
08080
080794
08071966
08070807
080692
080682
080675
08061965
080565
08051967
08051966
08051961
080478
08041970
08041958
080389
080377
080375
08031965
08031962
080297
080294
080277
08021962
08021960
080188
080179
08011969
08011962
0781
0730
0717
071275
071272
07121998
07121968
07121966
071198
071192
071169
07111971
07111962
07111960
071080
071078
071073
071070
07101997
070895
070892
070799
070771
07071959
070697
070685
070678
07061963
07061962
070587
070581
07052000
07051998
07051970
070476
07041965
070396
070379
070358
07031998
07031971
07031965
070296
070294