070277
07022001
07021998
07021963
07011967
0682
0659
061278
061276
061262
061195
061182
061085
061071
06101968
06101961
060994
060980
06091998
060881
06081971
06081970
060798
060790
060776
060774
060773
06071968
06071966
06071962
060668
060662
06061963
060599
060595
060495
060488
060476
06041963
06031965
06031955
060294
06021965
06021960
060176
060166
06011963
0584
052677
051982
051970
0514
051293
051259
05121965
05121959
051192
05111961
051088
050984
050976
050893
050882
050878
050876
050862
05081970
05081968
050793
050779
050776
050772
050573
05052001
05051968
05051963
05051959
050496
050493
050479
05041971
050396
050393
05031970
05031969
050296
050293
050292
050287
050286
050279
050275
050269
05021967
05021962
050178
050175
05011967
048ro
0488
0483
0478
041284
04121996
04121964
041191
041176
041169
04111964
041084
041079
04101962
040996
040988
04091970
04091969
04091968
04091962
040894
040891
040872
04082000
04081997
04081966
04081959
040773
04072000
04071998
04071967
04071959
040683
04061969
0406
040594
04051999
04051968
040473
040471
040470
04041967
04041955
040384
040373
040368
040366
04032007
04031999
04031968
04031964
040287
040277
04022000
04021970
04021965
04021963
040192
04011962
031281
031275
03121999
03121998
03121969
031198
031169
03111973
03111970
031075
03101966
03101961
03092000
03081966
03081963
030796
030794
030776
030771
03061960
030591
030569
030568
030564
03051996
03051966
030469
030367
030365
03032010
03031960
030291
030277
030197
03012000
03011970
02551670
021283
021277
021272
021271
02121995
02121969