887766
8855
8822
880088
8788
86chevyx
8642
8633
85bears
85858585
8456
8454
8421
8244
8215
8096468644q
8088
80808080
8055
801010
7iMjFSTw
794613258
789qwe
789456123a
789056
7825
7779777
777123
7759
7747
7730
770129ji
7654321q
7557
7506751
747200
7411
7377
7255
7210
7111
70707070
6gcf636i
69pussy
6999
6970
6942987
6913
68stang
67vette
6769
666444
6650
663366
6573
654321z
6532
6485
645202
6440
636322
628628
6218
611611
6070
6061
6011
6001
5speed
5alive
59382113kevinp
5884
5878
5864
5791
57699434
5678ytr
5677
5588
55665566
55555r
55555d
5554
55495746
5543
552861
552255
5502
550000
5478
5469
545645
54354
5435
54343
5431
5337
5299
5278
5226
5211
5210
51502112
50325
50000
4RzP8aB7
4987
4930321
4900
486486
486255
483422
478jfszk
4748
4673
4651
46466452
4638
4590
458458
45678912
45654565
45632
4553
4552
4542
4524
4500
444888
444444444
4443
4440
441232
4357
4350
4290
4264
4253
4246
4227
4222
421421
420smoke
41526300
4144
41424142
41234123
4110
4108
4101
4060
40404040
382563
3822
3816778
3777
3691
3669
36633663
3659
365365
365214
36169544
3611
358hkyp
3575
3536
3461
3459
3440
3434245
3401
3370
33213321
3318
330000
32633263
3260
3254
3245
3236
3226
3222
321qaz
32123
3212
3182
3181
3150
3146
3142
311420
311296
311293
311273
311270
311265
31123112
311113
311081