311074
31102000
31101964
31101961
310875
31081998
31081965
310794
310776
310597
310596
31051999
31051967
31051962
31032000
31031998
31031997
31031965
310178
31011968
31011961
3055
3050
3040
301293
301276
301273
30121997
301195
301193
301170
30102001
30101998
30101966
30101962
300969
30091958
30091956
30082008
30081959
300797
30071970
30071965
30071964
300676
30061961
30051966
300479
300474
30041960
30041955
30031996
300197
30011964
30011960
2h0t4me
2dumb2live
29palms
2941
29121967
291195
29111962
291072
290996
290970
290963
29091996
29091968
290893
290878
290874
290872
29081972
29081964
290797
29071968
29071962
29061999
29061964
29061960
290597
29051968
29051962
290495
29041971
29041965
29041963
290375
29031965
290175
29011999
29011998
29011995
29011967
2870
2869
28292829
281273
28121966
281176
281174
281172
281168
28111960
28111958
281094
281093
281078
28102000
28101964
28101959
280980
280977
280975
280969
28091996
28091966
28091959
280867
28081998
28081966
28081962
28081953
280777
280762
28072000
28071996
28071965
280670
28061962
280473
280469
28041997
28041960
280375
280374
28031968
280278
28021964
280178
280176
280172
28012000
2797349
27282728
27272
271292
27121999
27121968
271171
27112000
271060
27102000
27101961
27091964
270892
270876
270875
270874
27081961
270773
270767
27071999
27071964
270674
27061969
27061964
27061962
270596
270564
27051967
27051964
270477
27041997
27031969
270273
27021964
27021957
270199
270176
27011971
27011963
2660
261274
26121969
26121967
261171
26111968
26111965
26111956
261094
261076
26101963
260995
260971
26091958
260898
260891
260880
26081998