26081966
260765
26071964
260698
260694
260651
26061966
26061961
260570
26052000
26051999
26048
26041961
260274
26021998
26021968
26021965
26021960
26021956
260177
260170
26011998
26011962
26011960
25892589
2586
2568
2544
254254
25412541
25362536
2534
2533
2528
2525252
25202520
2519
251297
251269
251265
251251
251200
251194
251175
251174
25111998
25111996
25111967
25111960
251099
251069
25101968
250992
250969
25091999
250894
250866
25081963
25071961
25071959
250694
25061997
25061957
25061954
250569
25051966
25051955
250473
250470
250467
250381
250371
250363
25031963
250274
25021999
250197
250181
250174
250166
25011954
2499
2480
2476
247247
24242
2421
24121963
241194
241161
24111996
24111969
24111964
241075
240973
240961
240899
240871
240870
240868
24081999
24081972
24081966
24081956
240778
24072000
24071970
24071968
24071961
240674
240666
24061966
240576
240575
240571
240563
24051999
24051969
24051962
240475
240469
240464
240366
24031973
240292
24021968
24021960
240176
2389
2354
2351
23342334
23242324
231456
231266
23121995
23121968
23121961
231199
23111997
23111970
23111965
23111962
231078
231073
231069
231068
23101963
23098
230978
230974
230967
230964
23091997
23091965
23091964
230894
23081997
23081960
23071970
23071964
230695
23062002
23061999
23061965
23061963
230493
230376
230368
23031999
23031955
230270
23022302
23021963
23021955
230167
230160
23011962
227227
2261
224455
22121996
22121966
22121961
22121957
221170
22111966
22111961
22111954
221077
221076
221059
22102000
22101962
220969
220961
22091967
220876
22081966
22081962