220797
220772
22071961
220670
22062206
22061999
22061997
22061965
22061964
220597
220576
220567
22051966
220499
220492
220473
22041999
220395
220375
220370
22031967
220271
22021965
22021959
22021955
220199
220172
220171
22011961
2170
2156
2140
212325
2120
2113
21128
21121964
21121963
211197
211196
211168
21111960
211111
21100
21092109
21091965
210774
210768
21072006
21072001
21071966
210707
210689n
210680
21061964
21061962
21061961
210578
210499
21042104
21042000
21041970
210377
21032001
21031959
210295
210291
210272
21022000
21021962
210171
210167
204060
2023
2022958
201272
201199
201195
201173
201170
20111966
20111962
20111960
201067
20101999
20101958
200973
20091967
200895
20081957
200775
200773
200676
20061968
200577
20051962
20051959
20042005
20041966
200395
200264
200166
20011997
20011973
1Xxxxxxx
1Wildcat
1w1w1w
1Tommy
1Tiger
1Tiffany
1Star
1Snoopy
1s1h1e1f1
1Rangers
1Rabbit
1qwertyu
1Qqqqq
1q1q1q1
1Nascar
1monkey
1michael
1ladybug
1King
1Jones
1Jjjjjjj
1Jackson
1Inside
1House
1Gandalf
1Eeeeeee
1Creativ
1Camaro
1Black
1Beer
1Bbbbbb
1Baby
1a1a1a1a
199613
199515
199410
199226
19921993
199117
199112
199017
198921
198719
198624
1986198
198619
198618
19855891
198523
198520
198516
198511
198413
198411
19833891
198325
198324
198311
198222
198219
19821
198020
197929
197901
197474
197419
197010
19471947
19380018
19372846
192837465q
19216811
1915
191296
191285
191280
19121962
191187
19111972
19111966
19111964
19111961
191089
190982
190981
190980
190972
190968
19081968
19081957
190792
190772
19071997
19071963
190678
19061999