19061968
190593
190580
190579
19051963
19041962
19041958
190395
190393
190281
19011963
1895
1892
1888
1885
186186
1827
181212
181196
181174
181173
181172
18111968
181095
181076
18102001
18101996
180971
180968
18092000
18091966
18091964
18091960
180892
18081968
180797
180796
180781
180776
180772
18071965
18071960
18061998
18061965
18061962
180574
18052000
18051971
18051966
18051958
180478
18041999
18041998
18041968
180365
180276
180268
18021967
18021961
18021959
180171
18011954
1778
1739
1726
171297
17128
171191
171169
171161
171072
171070
17098
170972
17091999
17091972
170875
170874
170866
17081996
17081970
17081960
170794
170776
17071999
170675
170668
17061965
17061962
17061960
170575
170565
170375
17031963
170296
170280
170276
17021964
17021962
170196
170172
17012000
17011998
17011969
17011960
165432
1627
1613
16121966
16121961
16121957
161168
16112000
161071
16101966
160868
16081998
16081964
160798
160778
16071964
16071962
16071959
160663
16061967
160569
16051999
16051998
16051968
16051960
160497
160470
160394
160375
160370
16032001
16021999
160171
16012001
159357123
1590753
157359
1560
1559
1554
1552
1546
1539
1525
1513
151263
15122000
1512198
15121967
15121960
151172
151170
15111968
15111965
151096
151095
15101959
150996
150968
15091964
15081967
15081960
150778
150775
15071963
15061999
15061997
15061973
15061970
15061964
15061960
15061953
15058
15051960
15051959
150497
15041998
15041960
15041954
150395
150394
150374
150372
150369
150367
15031962
150296
150294
15021998
15021959
15021957
150176
150170
15011969
15011967