15011959
1481
147258369a
1459
144444
143000
141592
141294
141293
14121962
14111965
14111963
141111
141095
141076
14101410
140968
14091998
14091968
140875
140872
140864
140863
140857
14081962
14081960
14081958
14081957
14081408
14071974
14071960
140675
140673
140670
14062000
14061966
14061960
140572
14051998
14051968
14051962
140473
140472
140467
140465
14041999
140370
14032001
14031966
14031962
14028
140270
14021964
140198
140171
140166
14011964
137955
136913
136666
1361
1359
1358
1356
1350
1349
1346798520
13467985
13467982
134134
13261326
132546
13201320
131282
131276
13122001
13121967
13111968
131097
131073
13101968
13101965
13101310
130994
130971
13091998
13091965
130869
13082000
13081968
13081967
13081961
13061998
13061997
130595
130565
13051957
130494
13041999
13041997
13041967
13041962
130374
130364
13031998
130294
130276
13021968
13021962
130172
13011959
12play
12inches
1297
12891289
12758698
125wm
1258963
125690
12569
1249
12456
1241
123xyi2
123vika
123test
123qweasdzx
123qwe12
123qwe1
123boots1
123a456
123888
123699
1236951
123592
1234qw1234qw
123456Aa
1234567f
12345678i
1234567890qwerty
1234567890qaz
1234567890p
1234567890o
1234567890987654321
1234556
12334
123321456654
123124
123103
122863
122345
122333444455555
12222
121ebay
121989
121984
121978
121961
121458
121412
121297
12120
121177
121174
121171
121168
121121121
12111998
12111968
121111
121097
121060
12101965
12101959
120898
12081968
120799
120761
12072001
12071968
12071966
120670
120669
120666
12062001
120576
120563
12048
120469
120466
120361
12031963
12031959
12021958
120168
12011999
12011969
12011963
12011955
119966