11881188
118200
117711
1146
1142
1139
11311131
113096
111993
111988
11198
11142
111260
111222333444555
11121998
11119999
111196
11118
11114444
11111967
11111966
11111962
111115
111114
111096
111064
11101965
11101961
110994
110974
11091967
110898
11081954
110793
11071957
110668
11061954
110573
110570
11057
110564
110561
11051957
110496
110470
110466
11041999
11041966
110374
11032000
11031959
110273
110262
110259
11021963
110202
110174
11011965
11011958
1098
1097
1096
1076
1072
106106
105105
10501050
1039
1036
1035
1034
103190
10304
102775
102398
102375
102030q
101996
101987
101979
10151015
10131013
101268
101265
101202
10111997
101062
1010321
10101959
10101957
10101955
101
100973
100869
100867
100865
10081971
10078
100767
100698
100694
100693
100663
10062000
100594
100591
100569
100555
10051999
100471
100469
100461
100395
100390
100372
10031966
10031963
100276
10021999
10021966
10021962
10021957
10020
100162
10011965
10011964
0987654321a
0977
0924
0921
091985
091298
091270
091263
09120912
091198
091193
091181
091173
091171
091076
090976
090968
090963
09091965
090874
090869
090778
090774
09071967
09071964
090594
090565
09051968
09051963
090495
090463
09041969
09041963
090394
090391
090379
090375
090372
09031967
090273
090272
090266
09021962
090188
090187
0901
0886
0872
0824
081294
081274
081259
081255
081186
081180
081179
08111998
08111963
08111960
081085
081076
08101966
08101961
08091997
08091962
08091960
080893
080874
080870
080869
08082000
080790
080773
08071999