08071998
08071969
08071964
080699
080691
080690
080676
08061969
08061962
080595
080593
080494
080482
08041997
08041973
080384
08031997
08031960
08031959
08031953
08021961
080190
08011960
08011959
072777
0726
071294
071293
071291
071278
071276
07121960
071173
071172
07111999
07111961
07111959
07111917
071079
071071
07101998
07101963
07101958
070970
07092000
07091963
070898
070876
070875
070869
07081999
07078
070774
07071965
07071960
070695
070693
070680
070677
07062001
07061969
070574
07051965
0705
070478
070388
070378
070372
07031960
070295
070287
070271
07021966
07021962
07021960
07021956
070194
070180
070176
070173
07012000
07011999
07011960
0688
0661
0613
061274
06121966
061193
061190
061176
061171
06111968
061090
06101959
060992
060971
06091955
060864
06081965
06081963
060768
06071955
060592
060577
06051967
06051955
060494
060396
060377
060370
06031960
060271
060269
060266
06021969
06021962
060182
06011996
0585
0565
0526
05121966
05121964
051166
05111959
051094
051079
051076
05101964
050982
05091963
050895
050874
050873
05071999
05071962
05062002
05061997
05061958
05052005
05051969
05051966
050492
05041999
05041960
050381
050372
050365
05031967
050305
050288
05022000
05021961
05021957
050195
050185
050181
050173
05011961
0477
0466
041957
041294
04121962
041174
041170
04111996
04111956
041075
041067
04101975
04101965
04101960
04091963
040895
040876
04081969
04081963
04081958
04081955
040793
040772
04072001
04071960
040698
04061972
04061966
040593
040564
04052008
04051957
040497
040462
040461
040460
04042007
04041968
04041966
040396