040376
040375
040371
04032009
04031965
04031962
040283
04022009
04021962
04021960
04012001
04012000
04011995
04011964
04011961
0393
0387
0377
032678
031279
031278
03121961
031193
031186
031185
03111998
031095
031073
031072
03101998
030993
030992
030989
030967
03091998
03091961
030863
030775
030770
03071956
030670
030668
03062000
03061961
030609
030576
03052005
03051962
030497
030494
03041963
03038
03031961
030293
030292
030276
03021964
03021962
030194
030183
030176
030171
03011999
0292
0256
02121966
02121961
02121960
02112000
02111971
021080
021068
02102001
02092000
02091960
020891
02081964
02081962
02081961
020794
020792
02071956
020673
020670
02061999
020595
020594
020577
020562
02051965
020494
020396
02031962
02031959
020299
020296
02021960
02021956
020181
02011962
02011959
0186
0185
0182
0164
0144
0143
0130
0127
012369
0123654789
0116
0114
011295
011272
01121968
01121960
01121959
01121957
01120112
011187
011181
01112011
01111966
01111964
011079
011073
01101960
010992
010975
01091957
010876
010797
01071961
010711
010693
01061969
010593
010571
010556
010487
010457
01042005
01042004
01041962
01041954
01031997
01031968
01031965
010294
010279
010275
010274
010268
01022006
01022001
010201
010167
0101198
01011948
007000
002200
000888
000023
000008
zzz777
zymurgy
zxzx
zxcvbnmzxcvbnm
zxcvbnma
zuzuzu
zugang
zrx1100
zpflhjn1
zorro123
Zorro1
zontik
zola
zkexifz
zipdrive
zipcode
zion
zimmer483
zhipo
zeynep
zeuszeus
zero000
zcfvfzkexifz
zaq12wsxcde3
zapato
zantac
zafhjdf
zacharia
Z3Cn2eRV
yyyy1
youth
youngman
yoshio
yoshiko
yoshi1