8811
8807031
8800
8687
8668
8541
8538622
8523
8521
8520456
82828282
824358553
8218yxfz
7997
7911
789512
7895
7883
78789898
7791
7789
77879
7781
7777777z
7777777s
7776
7767
776655
7755
76689295
7652
7591
7576
7532
7456
7444
741123
740000
73997399
737737
7374
727727
7227
7221
7212
7201
7195
717717
7177
7173
7159
713713
70sguy
6yhn7ujm
6inches
6997
6963
6943
6910
686686
6833
6741314
671fsa75yt
6688
6663
6644
6600
6575
65656
650000
6500
64chevy
6375
6369
6364
636332
6266
6215mila6215
6043dkf
5unshine
5gtGiAxm
5f68t9
5element
5969
5880
5853
5844
5837
5747
5692
56836803
5654
5565
55555N
5545
55443322
55378008
5521
5515
5487
5465
5463
5446
543211
5430
5427
5412
5335
5318008
5280
5272
52415241
5222
5163
51515151
5150vh
511647
50cen
500600
5001
4speed
4seasons
4nick8
4ever4
4950
49494949
4921
48n25rcC
4874
4862
4840
4815162342lf
4801
4756
4754
4717
46and2
4682
4588
45674567
4561
45544554
4521
4512
4509
45014501
44e3ebda
44884488
4447
444455
444111
4425
4410
4387
43724372
4344
4331
4312
4279
427287
4265
4247
4237
4229
422422
420420420
4187
4143
41214121
4117
4115
4077
4061994
4030
388388
3845
3824
37Kazoo
3710
36dd
36987
36985214
3655
3654
3633
3625
3599
357357357
350350
3481
34773477
3457
3443
342500
3376
3358
334334
3339
3335
3331