3326
3315
3314
3309
3303
3296
328328
3269
323323
3213
32113211
32023202
318318
3161
31359092
312mas
3126
3121
311295
311271
31121965
31101997
31101963
31101958
310878
310873
31081961
31071970
31071964
310575
310573
310568
310558
31053105
31051998
31051961
310375
310367
31031959
310310
31021364
31011963
310000
308win
301271
301197
301175
301167
30111971
301075
301071
301068
301060
300zxtt
300977
300968
30091966
300894
300891
300878
300875
300868
30081996
30081955
300784
300776
300772
30071968
30071963
300672
300668
300570
30051964
30051962
30051961
30051957
300460
30041958
300391
300376
30032001
30031961
30031937
300177
300170
30011955
2yKN5cCf
2vRd6
2legit
2hot4you
2hot4me
2boobs
2balls
2991
2975
29622962
2951
29292
291279
291277
29121970
291175
29111964
29111958
29111955
291093
29101964
29092001
290877
29081997
29081970
290773
29071965
29071964
29071963
290594
290593
290570
29051999
29051958
290469
290373
29031967
29031966
29031963
29031960
29022000
2900
28822882
2878
2875
2868
2866
2855
28121996
281166
28101999
280993
28091997
28091968
28091960
280890
28081963
28081958
280795
280774
280763
280697
280672
28061967
280574
280572
280569
280496
280491
280478
280474
28042000
28041968
28041961
28041958
28032000
28031958
280272
28021971
28021959
280197
28011965
28011960
2737
2730
27128
271275
271273
271270
27122005
27121997
271197
271176
271174
27111964
27111962
27111960
27111958
27111957
271097
271079
271075
271068
27101968
270979
270976
27091997
27091960
270873
270869
27081967
270796
270771
27061966