27061960
270576
270573
270568
27051966
27051958
27051957
270498
270478
270474
270468
27041964
27041959
27041956
270399
270396
27031967
27031964
27031962
270287
270271
27022000
27021958
270194
270173
270167
27011965
2654
26262
2613
261292
26121960
261191
261173
26111963
26101997
26101996
26101970
26101960
260975
260970
260965
26091963
26081957
260778
260697
260665
2606642yra
26062001
26058
26051965
260473
260469
26041968
26041962
260397
260372
260371
26031966
26031965
26031964
26031955
26028
260278
260275
26021963
260174
260168
26012001
26011965
26011961
2599
258046
2580258
257257
2559
2558
2557
2529
2513
251276
25122001
25122000
251169
251168
25111999
25111962
25111954
251098
251073
251066
25101970
25101962
250993
250967
250965
25091962
250877
250873
250871
250767
250759
25071998
25071956
250675
25061966
250591
250579
25051997
25051962
25051961
25051960
250493
25041958
25031970
25031966
250276
250273
25021960
250176
250171
25011997
25011964
2500hd
2500aa
2491
24861793
24688642
246801
2462
2454
2441
24282428
2426
2422
241978
241275
241269
241264
241241
24121961
241174
241169
241162
24111963
241097
241095
241066
24101998
240967
24091969
24091964
24091962
24091954
240898
240872
24082408
24081965
24081963
24081958
240795
240776
240770
240769
24071963
240697
240696
240662
24061962
240572
240566
240499
240478
240471
24041999
24041965
24041960
240392
240376
240360
24031968
24031963
240296
240273
240263
24021965
2401pedro
240170
24012000
24011969
24011964
23WKoa0FP78dk
2380
2367
2361
234561
2336
23252325
2319
2316