23121965
23121963
23121958
23118
231170
23112000
23111961
231098
231097
23102001
23101968
23101967
23101961
230993
230968
23091960
230875
23081999
23081998
23081965
23081963
23081962
230797
230768
230767
23071969
23071966
23061997
230597
23058
230570
230567
23051964
23051963
230496
230474
230463
23042304
23041963
23041960
23041958
230381
230369
230367
230363
23031970
23031957
230296
230273
230265
230230
230198
230177
230172
230159
23011964
230101
2282
2281
2278124q
22422242
2238
223355
22224444
221980
221976
221969
221294
221277
221263
22121997
221196
221182
221178
221174
221173
22112000
22111964
22111962
221061
22101971
220997
220894
220873
220863
22081968
220796
220763
220697
220671
220668
22062000
220574
220557
22051998
220497
220454
22041965
22041961
220363
22031961
220296
220274
220268
22021968
220169
219219
2188
2185
2180
2178
2177
2157
213546879
2128
211273
21122001
211194
211169
21111962
2110se
211095
21108
211072
21101962
21101961
210969
21091999
21091997
21091963
21091962
21091959
210896
21088
210873
210872
210862
21082000
21081963
210766
21071968
21071965
210673
210666
21061968
210569
210563
21051966
21051960
210476
210459
21041965
21041964
210372
210369
210365
21031961
210296
21021960
210198
210168
21011959
21011954
2075
201980
20121999
20121963
20121961
20121960
20120
201196
20112000
20101967
20101966
20101964
20101961
20101959
20092000
20091997
20091963
20091961
200899
20081968
20081954
200794
200776
200770
20071961
200698
200697
200672
200668
200661
20062001
20062000
20061998
20061969
200597
20058
200570