20052007
20051999
20051970
20051960
20041997
2004-11-
200394
20031963
200297
200271
20021966
20021965
200195
200190ru
200176
200170
200161
20011958
1zxcvbnm
1Winter
1Video
1Surfer
1Steeler
1Spanky
1Sexsex
1Rrrrr
1Richard
1qwe2
1qaz2WSX
1q3e5t7u9o
1q21q2
1pizza
1Panties
1Packers
1Ooooo
1Oliver
1newlife
1mustang
1Mouse
1month
1Monster
1Michell
1Magic
1lover
1Legend
1Kkkkk
1Iiiiiii
1Golf
1Gateway
1Freedom
1Flowers
1Ffffff
1escobar2
1Doctor
1Crazy
1Cowboys
1chicken
1Celtic
1Carolin
1Bill
1Bigdick
1bigdick
1Banana
1Badger
1Arsenal
1Angels
1Abcdefg
1a2b3
199619
19952009
199511
199422
199415
19932916
199315
199311
199224
199216
199129
199020
198922
198917
198913
198911
1988198
198803
198712
19871
19861987
19851986
198505
198326
19832
19831985
198282
19821984
19821983
19820
19811983
19801982
197919
197811
19780
197700
19761977
197611
19735
197325
197119
197101
196869
196565
196100
19211921
191987
191276
19122000
19121961
19121958
191176
191170
19111956
191061
19101966
19101959
190970
19091960
190893
190881
190870
19081967
19081965
190794
190793
190790
190782
190774
19072000
19071998
190693
190673
19062001
19061956
190591
19051969
190476
190390
190376
19031961
190280
190275
190274
19021967
19021965
19021958
19021902
190192
190183
19011970
19011951
1868
1863
1861brr
1850
1833
1819
181272
18122000
18121966
181194
18118
181170
18111967
18111963
18111961
18111960
181066
18101957
18101956
18091963
18091961
18091955
180677
180671
180573
18051961
180496
180493
180468
18041970
180396
180378
180367
18032000
180281
180273
180272
18021953
180178
18012001