18011961
18011958
1779
1773
1770
1768
1754
1749
173173
1727
171296
17121969
17121961
171197
17111963
17111959
171095
17101961
170968
17091955
17081961
170797
170796
170772
170768
170760
17072000
17071960
17071707
170694
170573
170566
17051968
17051964
17051960
170460
170374
170369
17031998
17031961
170279
170270
17021998
170169
17011999
17011962
1700
1678
164164
1632
163163
1631
1630
16128
161275
161270
161266
161262
16121964
16121960
161174
161159
16111999
161076
16101969
16101967
16101962
16101957
160981
160976
160974
16091967
16091962
160896
160872
160869
160867
16072001
16071999
16071958
16071957
160674
16061963
160574
160568
16051964
16041972
16041966
16041961
16041959
16031961
16031958
16031955
160297
160279
160271
16021967
16021964
16021958
160176
160175
16011971
16011966
15975312
159357q
159357852
1593575
1591
159000
1571
1553
1542
1530
1529
15253545
1524
15128
15121962
15121957
15121955
151163
15111998
15111964
151073
151071
151066
15101961
15101960
15101510
15091968
15091966
15091954
150780
150773
15071999
150697
15061961
150597
150571
15051968
15051962
15051961
150495
150465
15042000
150376
150370
15031998
15031960
15031959
15031956
150300
15028
150276
15021966
150177
150172
15011965
15011961
1488ss
147852963
147456
147369258
14691469
1462
145678
14371437
14331433
14314
1427
1426
142500
1419
1413
14121956
14111411
141093
141091
14108
14102001
140976
140975
140966
14091996
14091965
14091963
14091960
14091959
140897
140896
140891
140871
140868
140865
14081997
14081967
14081961
140784
14078
140760