14071969
14071967
14071966
140695
140674
140596
14051967
140505
140373
14031998
140296
14021961
14021959
140197
140175
140174
140173
140140
14011999
14011965
1399
1391
138500
1382
136479
1357924
135789
135642
1354
13481348
134679a
134652
133andre
13221322
13191319
131274
13122000
13121966
131198
131193
131192
13118
131166
13111961
13111960
13111958
131095
13101997
13101960
13101959
130976
130973
130966
13091970
13091961
130898
130894
130872
130868
13081969
13081951
13071961
13061966
130594
13051966
13051965
13051964
130473
13042000
130392
13031962
13031961
130293
130272
13021997
13021965
130166
13011956
12qwer
12QWaszx
12monkeys
1266
12581258
125267
125000
124c41
124536
123max
123ewqasdcxz
123b321
123as
123a123a
123987456
12398
12389
1237654
1236798
12358
12345tgb
12345abcd
123456zzz
12345678w
12345678d
123456789qwer
123456789j
123456789asd
1234567892000
1234567890m
123456789000
1234567887654321
1234562000
12345543
123321qw
123180
123123asd
123123789
1231230
1230987
123007
12261226
122183
122177
122173
12213443
122012
121996
121990
121988
121985
121968
121957
121883
121882
121477
121256
1212312121
12121998
12121960
121166
121073
12101997
121012
12092008
12091964
12091959
12091958
120862
120772
12077
120765
120665
120656
12061962
120600
12060
120572
120567
120565
120564
12051958
120505
120497
12049
12041959
12038
12031999
12031966
12021964
12018
120158
12000
11king
119955
118801
1169900
11551155
11471147
11432006
113078
112971
112375
112358132
112175
112172
112111
111990
111986
111972
111965
111962
111298
111277
111268
11121966
11121961
11121112
1111988
111168
111164
111160