11111965
11111963
1111111111a
111111111111111
111098
111092
110960
11091960
11091956
110867
110866
11081965
11081956
110767
110763
110761
11072000
11071970
11071964
110699
110662
11061969
11061966
11061963
11061962
11061961
11061958
11051996
11051958
110506
110460
11041969
11041959
110366
110364
110361
11031962
11021959
110197
110165
110159
11012566
11012008
11011968
11011960
1093
108888
1087
1061
1053
1052
103082
103069
10293847qp
102938475
10287
102498
102466
102288
102282
102276
101988
10198
101970
10197
1012NW
101294
10121967
10121958
101199
101194
101168
101160
101158
10111959
101057
101054yy
10101998
10101965
100966
100963
100958
10091972
10081998
10081965
10081963
10081959
10081953
100800
100771
10071999
10071963
10071957
100671
10061964
10051961
10051005
100467
10041967
10041962
10041958
100394
100293
10021002
100165
10011974
100110
0994
0920
091293
09121967
091177
091175
091174
09112000
09111999
09111968
09111961
09110911
091094
091090
091085
09101964
090995
09091998
09091967
09091962
09091961
09091958
09091957
090892
090886
090884
090796
09071971
09071963
09071961
090660
09061964
09061963
090579
090564
09051960
090492
090478
090466
09041998
09041997
09041956
090399
090395
09031998
09031970
09031963
09022001
09021999
090183
090181
09011999
09011966
09011959
0830
081292
081290
08121963
081193
081184
081181
081171
08111958
081098
081091
081077
08101965
08101959
080997
080994
080993
080991
080982
08091958
080896
08081966
08081964
08081963
08081959
080799
080792
080791
080782
08071963
080697
080666
08061958
080572
080570
08052000
08051969
08051965
08041964