08041963
080398
080395
08031958
080295
080293
080274
080199
080193
080192
080183
08011965
08011964
0795
0773
071277
071270
07122001
07121954
071174
071168
071161
07111970
07111968
07111964
07111958
071098
07101968
070976
07091996
07091969
07091967
070879
07081968
07081967
07081960
070773
07071966
070673
07061971
07061967
07061965
07061958
070497
070496
070493
070491
070474
070472
070469
070386
070375
070374
07031963
07021999
07021968
070185
070183
07011959
0694
0689
0669
061982
0617
061299
061275
061270
061266
061170
06111998
06111997
06111969
06111966
061078
061072
06101999
06101966
060988
060983
06091999
06091997
06091965
06091962
06091960
06091959
060880
06071997
06071965
060698
06061961
06061960
060570
06051970
06051958
060506
060498
060491
06042000
06041998
060392
060389
060379
060373
060372
060369
06031964
06031961
06021999
06021967
06021964
06021956
060195
06012000
0594
0592
0590
0589
0582
052098
051292
05121958
05121956
051198
051196
051168
05111969
05111964
051072
05101973
050966
05091968
050894
05081964
05081961
050795
050771
050765
05071960
050681
05061967
050570
050484
050473
050462
05042001
05041959
05041957
050399
050394
05031968
05031966
05031953
05022002
050174
050168
05011964
0490
0489
0487
0485
0481
0479
042000
0413
041293
041265
04121965
04111997
04111960
041093
041069
041062
04101963
04101955
040993
04088
040877
040869
04081996
040796
040792
040693
040678
040571
040569
04041964
04041961
04041959
04041956
040393
040381
040378
04032010
040286
040276
040274
040269
04021998
04021967
04021961