040195
04011967
04011960
0378
031975
031268
031172
03112001
03111966
03111964
03111962
031087
03101967
03091967
03091958
030874
030873
03081965
03081964
03081957
03071970
030678
03062001
03061968
03061967
030592
03051999
030475
030472
03041996
03041965
03041961
030395
030374
030363
03031967
030295
030274
030270
03021968
030196
030195
030169
03012001
03011965
03011956
03011955
0295
028526
0285
0272
0258
0252
021983
021982
0217
021495
021298
021295
021293
02121965
021193
021175
02111969
02111968
02111957
021077
021072
021071
021056
021021
02101998
02101969
02101961
020976
020968
020962
02091997
02091959
020878
020874
020872
020869
02081960
020799
020797
020778
02072000
02071968
02071965
020698
020694
020663
02061967
020573
020571
020492
020462
020460
02042009
02042007
02042002
02041963
020368
020363
02031961
020304
020298
020268
020265
02021965
02021957
020171
02011956
02011952
02011949
0192
0179
0159
0153
0148
014702580369
012012
011299
01121964
01121961
01121950
011196
011188
011174
01112001
011097
011069
01101999
010970
010968
01091939
010899
010872
010869
010798
010794
010780
010771
010770
01071998
01071968
01071962
01071960
01071957
010668
01061997
01061959
010598
010575
010568
010567
01051958
010497
010477
01042002
01041959
010407
010397
010396
010293
010273
010272
01021968
010197
010108
008800
0080
0072
0065
0049
003842
0034
0018
zzztop
zxcvbnm123456789
zxcvbn123456
zxcvbasdfg
zxcvb12
zxcvb09876
ZwT2sBzL
zugzug
zucchero
zsxdcfv
zsnes1
zsexdr
zsergn
zoso
zorrope
zootsuit
zolushka2
zoltar
zoey
zlatan
zipzap