6776
6711
668899
66776677
667667
6668
66667777
6665
666123
6657684
6656
6628
6622
6596
6574
6555
6554
6541
6537
6510
6469
6351
6336
62826282
62336233
6198
6165
61386138
612345
6121
6105
600600
5ThGBQI
5daxb
59635963
5958
5811
5712
5665
5663
565758
5634
5631
56259090
5575
5557940
5557
5551
5546
554466
5523
5522
54gv768
5481
5476
5466
54645464
5455555
54335433
542678
540540
5393
53755375
5362
5345321aa
5340
5270
526549
5256
524524
5239
523252
5228
5189
5188
51501984
5124
5120
510510
5101
5067
5051
5012
4teens
4peace
4973
4855
4852
4824
4815162342q
4800
4782
4755
4707570
4665
4633
4579
4531
4522
451451
45123
44mag
4489
4479
44774477
446688
4456
4432
4332
4328
432100
4293
4274
4258195
4256
4252
423956
4236
420842084208555
4205
42014201
42004200
4166
4158
415415
41513042
4132
4130
4116
400000
3times
3kings
3bears
3968
396396
3900
3836
3731
3727
3662
360moden
3588
35783578
351351
3478
3462
34567890
3455
3454
3447
343536
3433
340340
3399
3387
3373
33669
3365
3362
3345
333555777
33351962
333333q
3325
3317
33143314
32823282
32566842
3251
3250
3246
324324
3240
321671
3216
3214789
3202
3171
3125
31233123
31133113
311298
311276
311275
311272
311200
311071
31101971
310898
310864
31081964
31081960
310799
310796
310774
310771
31058
310572
310569
310565