31051969
31051964
31051958
310372
310369
31031968
310173
31011964
30astic29
3078
3051
3037
3031
3028
3020
301301
30123012
30121968
30121966
30121964
30111969
30111968
30111963
30111959
301097
30102000
30101957
301000
30092000
30091998
300876
300874
300871
300867
30081962
30071967
30071960
30071959
300669
300666
30061963
30061962
300573
300568
300564
30051971
300497
300495
300472
30041998
300367
300364
300361
30032000
30031999
30031962
300193
300181
30012001
30011962
30011956
2wsxxsw2
2wsx4rfv
2times
2short
2letmein
2children
2992
291278
291274
29121961
291194
291180
291170
29111957
291069
29101999
29101968
29101967
29101960
290968
290966
29091967
29091965
29091963
29091959
29091954
290894
29081968
29081966
29081965
290791
290771
290764
29071998
29068
290673
29062001
29061961
29061958
29061956
290596
290566
29052002
29048
29041964
290396
29032001
29032000
29031999
29024
29021964
290166
29011968
29011965
2886
28642864
2864
286286
2854
2820
281990
281296
281295
28128
281272
281260
28121998
28121965
28121957
281196
281193
281170
28112001
28112000
28111998
28111965
281096
280973
280970
28092000
28091998
280894
280871
280858
28081969
28071962
28071959
280676
280664
28061999
28061997
280559
28051964
280456
280367
28031963
280293
280273
28021999
28021969
28021965
28021963
280198
280179
280168
28011959
280102
27912791
2773
2754
2749
2739
2733
2713
271272
27121998
27121965
27121962
27111968
27111956
27111955
271072
271062
27102010
27101964
27101963
270975
270971
270969
270877
27081965
27081963
270766
27071954
270695
270692
27061998
27061971
27061965