270597
270561
27051969
27051965
27051962
270471
27042000
27041963
270398
270372
270361
27032000
27031961
270276
27021968
270197
27011966
27011960
2672
266643
26532653
2621
261988
261979
2615
26132613
261296
261295
26128
261275
261172
261092
261075
261072
261070
261065
26101961
26101959
26101958
260980
260969
26092000
26091999
26091965
26091954
260873
260869
260797
26071961
26071958
260677
26061965
260595
260576
260571
260561
26041965
26041964
260378
260368
26031969
26031956
260268
26021967
260196
260173
260166
258012
25800
2563
2555
2542
2535
2518
251298
251266
25122002
25121968
25121965
25111963
251072
25101999
250998
250974
250966
25092000
25091965
25091964
250874
250868
25081967
25071967
25071966
250695
250678
250624
25062000
25061961
250568
250561
25052000
25051999
2505198
25051968
25051954
250497
250465
25041998
25041962
25041961
250376
250372
250369
250365
250364
250297
250272
25021963
25021959
250161
25011999
25011969
25011967
24gordon
2487
248624
2479
2473
2463
246011
2460
2457
2439
24252425
241974
2419
2418
2415
24132413
241297
241295
241294
241268
24121962
241197
241195
241175
241172
241163
241096
241069
241062
24101963
24101961
24101960
24101954
240974
240971
240969
24091967
24091966
24091965
240867
24081998
2408198
24081968
24081967
24081964
240798
24072001
24071999
24071965
240695
240693
240676
240673
240659
24061965
240596
24052000
240473
240470
24041968
240393
240374
240368
24031966
24031962
24031958
240271
24021967
240175
240168
24012002
24011961
2376
23692369
2365
235555
23542354