2353
23522352
2348
2347172123
2344
23412341
2334
233307
2330
2323232
232222
23212321
2320
231991
23122000
23121999
231193
231171
231168
231163
231075
23101964
23101962
23101956
230969
23091962
23082000
230775
23072000
23071967
230696
23062000
23061956
230569
230498
23048
230473
230466
23041998
23041965
23032000
23031997
23031959
23027
230264
23011968
22tango
2296
2290
22772277
2276
2260
224224
22412241
22352235
222222a
221995
221986
221984
221983
221298
221273
221271
221262
22121963
22121960
221163
221133z
22111997
221101
22108
221073
221062
22101963
22101959
220970
220963
22091963
22091962
220897
220875
220870
220869
220861
22081963
22081960
220773
220771
22071998
22071967
22071964
220698
220695
22061968
220572
220570
220566
22052205
22052001
22052000
22051999
22047
22041962
220398
220396
220369
22032001
22031965
22031959
22031958
220275
220270
22022002
22021999
22021960
22021958
220165
22012000
22011968
2195
2193
2186
2164
2155
2143658709
2143
2139
2137
213456
21142114
211299
211295
211280
21122000
21121970
21121962
211195
211164
21111997
21111966
21111959
21111957
211065
21102000
21101967
21101964
210974
210972
210971
210968
21091961
210870
210869
210776
210772
21071961
210697
210667
21062106
21062000
21061958
21058
210561
21052000
21051965
21051964
21051956
21051955
210497
210473
210468
210467
21041999
210368
210367
21032000
21031999
21031964
210297
210274
210199
210197
210174
210172
210169
210164
21012001
21011963
21011961
21011956
21002100
2099
2086
2079
2069
205gti
2053
2048
20462046
2042