2020202
2019
2018
2012qw
201298
201271
20121967
20121966
20111999
20111967
20111961
20111951
201094
201066
2010201
20101970
200970
200969
2009200
20091999
2008m2009
200897
200874
200870
20082010
2008200
20081965
200800
20071967
200696
20068
200675
200669
20061966
200569
20051967
200498
200470
20041969
20041960
20038
200363
200300
200276
200269
200268
20022009
20022008
20021999
20021959
200199
200177
200171
20011964
2000jeep
1world
1Ussy
1Ttttt
1Tigers
1Therock
1Steve
1Startre
1Speedy
1Sophie
1Smith
1Sluts
1rus27540102
1Rock
1Rainbow
1qwerty7
1qwerty2
1qazxs
1Prince
1Ppppp
1power
1Pookie
1nstant
1Mercede
1Maveric
1Marvin
1Maddog
1loveyou
1Junior
1Johnson
1Jjjjjj
1Jackie
1Hardon
1Hardcor
1Golden
1Giants
1Ggggggg
1faith
1Explore
1Eagles
1Dolphin
1Dakota
1Cherry
1Charles
1Carlos
1byday
1Brian
1bigdog
1Bastard
1Barney
1Balls
1Autopas
1Apple
1Angela
199812
199624
199610
199523
199520
199508
199500
199414
199404
199393
19932008
199308
1992199
199219
199218
199011
199003
19891959
198826
198818
198810
19880502
198724
198722
198702
1986mets
198623
19861988
198603
198521
198424
19841989
19831987
1983198
198305
198202
198123
198121
198100
198024
198022
19801984
198004
19788791
197521
197506
1967gto
196419
195959
195
19401940
193570356033
19251925
19231923
191985
191984
19191
19161916
191294
191273
19121971
19121965
19121964
19111999
191094
191072
19101997
19101964
19101963
19101962
190996
190995
190993
190978
19091966
19091953
19091909
190883
190882
19081960
19081958
190795
190780
190779
190778
19071965
19071960
19062000
19061963
19052000
19051959
190475