19041968
19041904
190391
190388
190378
190368
190293
190290
190278
190276
19021969
190195
190184
190178
19012000
19011999
19011966
19011965
19011957
19011956
18n28n24a
188118
18791879
187420
1874
1864
183729
1830
18121997
18121964
18121958
181197
181175
18112003
18111997
181098
181074
18102002
18101970
18101964
180977
18091967
18091959
180873
180863
180769
18071962
18071954
18068
18062000
18061966
180568
18051997
18051963
18051960
180469
18041960
180368
180361
180357
18031968
18031967
18031956
180263
18022000
18021999
18021958
180176
180169
18011967
18011965
17831783
1766734
1764
1763
1742
171980
171274
171266
171265
171176
17111999
17111998
17111711
171093
17102000
17101999
17101964
170997
170974
17091964
17091962
17091957
17091956
170899
170898
170773
17071998
17071967
17071963
170696
17061999
17061968
170597
170574
170569
17052001
17051961
17051956
170470
17041966
170360
17031958
17031956
170274
17021971
170197
170176
170168
170164
16fretb
1668
1667
1654
1636
1634
1622
161295
161292
161269
16121963
16121612
16111966
16111964
16111963
161073
161070
16101960
160973
16091969
160897
160871
16081970
160795
160777
160772
160761
16072000
16071966
160695
16061999
160593
160592
160576
160570
16051962
160499
160498
160475
160459
16041955
160397
160396
16031957
16031956
160275
160273
16021963
160168
160165
160164
16012002
16011964
159630
15935746
1587
1583
1579
15531553
1545
153246
152geczn
15241524
1520
151994
151985
151272
151173
151164
15111999
15111967
15111958
15111957
150998
150997
150972
15092007
15092001
15091963
15091956