150859
15082008
15081963
15081959
15081508
150798
15071997
15071966
15071961
15071958
150676
150670
15052000
15051955
15049
150469
150467
15041504
15032001
15031968
15031965
150295
150274
150273
150271
150266
150262
15021999
150169
150167
14ss88
1499
149200
1491
1490
1489
147963258
1478523
147000
1463
1451
14411441
1436
143333
14314314
14241424
14221422
141980
141261
14121997
14121968
14121959
14121412
141194
141193
14118
141160
14101967
14101958
140999
140965
140963
14091961
140893
140873
14081959
140796
140767
14071963
14071950
14061964
14061962
14061959
140594
14058
140571
140495
140469
140468
14041964
14038
140357
14031999
14031963
14031958
14031403
140298
140274
14022006
140209
140207
140200
140172
140169
14001400
1396
1394
1392
13854
1383
13795
13751375
1371280
136611gt
1363
1360
135798
13571113
13561356
1338
1332
132613
13245
1318
131295
13128
131273
131269
131268
131199
131197
131173
131169
13111962
13111959
131060
131058
13102001
13101973
13101967
13098
130979
130962
13092001
13091962
130867
130866
13081956
13081955
130768
13072001
13071965
130698
130671
130669
130664
130659
13062002
13061999
13061964
13061962
13061958
130597
13058
130573
130571
130569
130568
13051960
13051959
130470
130468
13041958
13041304
130396
130394
130372
13032001
13032000
13031955
13021967
130167
130163
130130
13011969
13011966
13011965
13011301
12q34w56e
12inch
129834
12981298
129129
12771277
127266
12601196
125896
123vv123
123qwerty123
123qwaszx
123qwa
123mmm
123llll
123joker
123asdf
123abv
1239056
1239
12378945
123654789a