123637
123569
123546
1234vfvf
1234aa
12345u
12345ss
12345qwert7
12345p
12345o
1234567i
123456789zz
1234567890v
1234567890d
12345672000
12345656
123456321
123451234512345
12341231
123321i
123321d
123321aa
123258789
123234345
12323
1231233
1231231234
12309
123077
12271227
122574
122555
122473
1223456
122083
121998
121995
121981
121976
121965
121964
121960
12196
121894
121663
121580
121473
121260
121244
121221
12122012
12121952
12121947
121212z
121211
121167
12112001
12112000
12107
12101967
12101958
12101492
120972
12091965
120869
12081959
120796
120769
120768
12071964
12071941
120700
12061965
12052003
12041964
120397
120359
12031962
120297
120293
120275
120268
120267
12022001
12022000
120198
12011959
12011201
11jack
11991199
118811
11501150
11411141
113411
11271127
112364
11234567
1122qqww
112280
112233qq
11223344a
112121
112099
111zzzzz
111975
111970
111961
111769
111222a
1112223
11122001
11117777
111162
11112011
111111w
11111112
111103
111073
11101968
110973
110970
11097
11091997
11091966
11091965
110896
110865
110863
110861
110854
11082000
11081964
11081957
110794
110773
11077
110766
110760
11071966
11071962
11068
110571
11051999
11051969
11051105
110497
11048
11042000
11041998
11041952
110398
110368
110367
110356
11031964
11027
110264
11021961
11018
110169
110167
110160
11012001
1045
102973
102769
102481
10242048
102400
102273
102030a
102001
101881
101699
101378
10128
101263
101258
101254
10121v
101166
10111999
10111969
10111964
10111958
10111955
101063
101050
10102008
10102002
10101969
10101958
100968
100962
10091957
100864
100862
10081957
100797
100792