100766
10072001
10071964
100699
100676
100597
10051971
10051958
100494
100473
10041966
100373
100359
10031999
10028
100271
100266
100258
10021968
10021965
10021961
10021958
10021952
100173
100167
100166
10012001
10011998
10011961
100007
0L8KCHeK
09apr15
098poi
0974
0926
0922
0914
091291
091267
09121996
09121959
091194
091192
091172
091163
091095
091093
091078
091063
09101997
09101961
090975
09092009
09091963
090882
090873
090863
09082002
09081998
09081965
09081964
09081961
09081957
090783
090779
090773
090762
09071965
09071960
090697
090693
090672
090671
09062000
09061965
090591
090572
090571
09051962
09051957
09051956
090498
090460
09041968
090373
090365
09031999
09031966
090271
09021969
09021967
09021961
09021959
090194
090178
090173
09011962
09011958
090100
0895
0884
0873
086421
0827
081500
081268
08121998
08121997
08121966
08121962
08121960
081197
081183
081162
08111966
08111961
081093
081071
081069
081060
08101968
08101963
08101960
08101957
080998
080980
080976
080975
080974
080973
08091959
08091957
080907
080899
080897
08081999
080793
080771
080762
08072000
08071961
080677
080672
080669
08061999
08061964
08061961
080592
080587
080573
08051963
08051959
080496
080495
080492
080487
080470
080467
08041957
080397
080396
08031999
08031998
08031961
08031955
08031952
08022000
08021998
080196
080191
08011956
0785
0783
0778
0725
071269
07122000
07121969
071090
071075
071072
071065
07101967
07101966
07101960
070993
070968
07091998
07091958
070894
070877
070870
07081955
070807
070768
070767
07071964
07071963
07071961
07071957