070699
07061966
070595
07052001
070475
07041964
07041959
070394
070377
070373
07031970
07031961
07031958
070292
070281
070279
070276
070274
070196
070195
07011968
07011958
07011953
0699
0692
0687
0684
0683
061980
061281
061272
06122000
06121997
06121968
06112001
06111962
06111959
061061
06101997
06101962
06101957
06091963
060901
060895
060878
060870
060868
06081999
06081960
06081958
06081955
060794
060777
060771
060763
06072001
06072000
06071969
060708
060699
06068
060674
060672
060663
060591
060575
060573
060572
060569
06051959
060461
060455
06041999
06041997
06041955
060375
06032000
06031999
06031962
06031957
060282
060270
06021963
06021961
060181
060177
060172
06011968
06011966
06011965
0601
05870587
0586
0583
05530553
052385
051966
051273
051263
05122001
05121997
05121961
051194
05111962
05102001
05101999
05101998
05091998
05091964
05091961
05091957
050897
050868
050863
050854
05081958
05072000
05071961
050700
050673
050664
05062006
05061969
05061965
05061961
050576
050560
05051965
05051961
050501
050475
05041967
05031959
05022001
05021963
050177
05011962
05011958
0484
0482
0442
0430
041275
041267
04118
041177
04112002
04111965
04111961
041099
041074
04101968
040991
040971
04091967
040873
04082006
040697
040674
040670
04062006
04062001
040595
040592
040567
04052001
04051962
040469
04042006
04042004
0404198
04041963
04041952
04040404
040386
040372
040367
04031954
040293
040292
04022010
04021956
04021954
040194
040178
040177
040170
04011998
04011969
04011959
0389
0386
0333
031995
031264
03121997
03121970
03121963
03121962
03120312