031189
031173
031171
031166
03111959
031098
031096
031000
030997
030973
030972
030969
03091965
030898
030895
030871
03082002
03081967
03081961
03071969
030699
030696
03061998
03061963
03061962
030573
030567
03051998
03051969
03051967
030496
030495
030477
030476
030471
03042009
03041964
030398
030372
030370
030369
030359
03031955
03022007
03021999
03021966
03021965
030192
030174
03011964
0268
02588520
02580258
021268
021266
021259
02121958
021171
02112001
02111998
02111997
02111963
02111962
021100
021097
020993
020963
02091999
02091961
020895
020889
020871
02082000
02081963
02081958
020793
020772
02062000
02061964
02061962
02061960
020570
020561
02051968
02051961
020468
020465
02042008
02042000
02041957
02040204
020378
020372
020370
02031963
02021962
020169
020158
02011957
02011950
020103
01870187
0181
0157
0151
01470258
0123698745
011268
011185
011178
011173
011171
01111999
01111957
011095
011077
01102011
01101955
010996
010995
010976
010969
01091961
010897
010873
010871
01081999
010795
010772
010767
010766
01072006
01071964
010675
010667
010661
01062011
01061964
01061954
010607
010597
010566
01052009
01052005
01052001
01051999
01051956
01051952
010496
010472
01041950
010356
01031961
01031956
01022005
01021957
01021954
010203a
010102
00948230
008008
00770077
0057
0053
0032
0020
0019
0016
00110011
001007
000000000000
zzzzzzzzz
zzzz1
zxcvqwer
zxcvbzxcvb
zxcvbnmmnbvcxz
Zxcv1234
zse45rdx
zrt600
zozo
zosozoso
zorro2
zoro
zork
zoopark
zombi
zippie
zip123
ziomek
zimina
ziegler
zheng2568
zexts364325
zerohour
ZEPPELIN
zcGihLKe
zcfvfzrhfcbdfz
zasxcdfv
zargon
zaqxsw123