93939393
9375
93664546
9231wcf
91929394
91827364
9121
91191
911112
9107
9105425888
909909
907629
9035768
9021090210
9021
9008
8971
89586
89181502334
890iop
89057003343
8904
890123
8892
8891xel
8891
888666
88552200
8840
881988
8777
876876
8753
86248624
8591
858888
8554
85258525
8525
8495
8486
84488448
8400
8252
8246
8216
8202
81818181
8125
80camaro
80972694711
80808
8080
803803
80361665abc
78aajuh
789999
789951123
789852123
7897
78967896
789456123q
7880
787899
787898mich
7852
7828962
7827
781227
77sunset
7799
77930117
7777777q
777775
777007
7769
7758521
77557755
773377
770077
7663
7580
755555
7532159
753214
75315
74827482
7465
74477447
7423
741qaz
741963852
741369
74125896
7410258963
7388
7383
7375
7357
7311
7240
7231
7213
720000
71727374
712712
7106189
7100
70780070780
7011
700000
6y7u8i
699999
6981
6973
69716971
696696
6944
69426942
691702z
6896
68916891
67mustan
6771
66mustan
6698
66778899
666xxx
666hell
666666s
66613
6612
65impala
6588
6566
6546
6487
64546454
6443
6425
635csi
6312
6309
6280
626626
62432770
620620
6162
6146
613613
6110
6101988
5seks7
5962
5900
5888
5858855abc
5847
5744
5711
5708
5689
567432
5662
5657
564738
5616
5610
5606
55775577
557755
5567
5563
555aaa
5559
55555m
5542
553355
551155
550606
5500
5491
54745474
5467
5461
5457
54325432
5429
5418
5390
5356
53535353
5351
5320
52xmax
5283
5277
52745274
5266