5265
5257
52535253
52525
5250
5241
5234
5233
5231
5227
5219
5217
5214
520131
5175
5152535455
514514
5131
5119
511511
5114
5110
5072
5071
5063
5032
5022
4sure
4SolOmon
4rdf_king7
4p9f8nja
4991
4972
495812
4928
4923
4917
4903
4899
4891
4875
4865
483483
4815162342z
4770
4762
4758
4752
4731
4714
4702
470000
46824682
4669
466800
46534653
4645
459228
4591
4572
456963
45683968
4558
4557
455455
454454
4538
4515
4513
451236789
450450
4501
4496
4494
4478
4462
4460
4453
4449
444587qw
444466
4441
44224422
4414
4403
4348
43344334
4304
4287
4275
426426
4257
4245
423423
422119
4221
4202
420
4195
4175
4162
41144114
40plusdd
4089
4081
4080
4050328
4050
4042
40302010
4020
4018
3e4r5t6y
3dwe45
3children
3927
38dd
3833
383295502
3825968
3776
3762
3760
3734
3704
3700
369987
3660
3647
3642
3616615a
361619
358853
3582
3569
3562
3557
354354
3521
35153515
3500
34erdfcv
3489
3474
3468
3464
345123
3445
3444
344344
3411
3400
3390
3384
3383
33663366
33445566
3343
3336
33333v
33331111
333123
333
33253325
331199
331133
330033
3288
3272
32663266
3266
325632
3255
325225
32473247
3235
32343234
32333233
32303230
3220
32198
321890
321789
321677
32145
32123212
3195
317537
317317
3164
3157
3156
311rocks
311274
311268
31122006
31121968
31121957
311096
31101967