31101966
31101962
311000
310869
31081962
31081958
310797
310772
310770
310768
31071999
31071958
31059
310578
310570
310563
310562
31051966
31051963
31051956
3104
310370
31032001
31031999
31031966
31031957
31031956
310196
310165
31011999
310101
30seconds
3088
304304
3025
301978
3013
301295
301272
301169
30111966
30111964
301098
30101997
30101963
300996
300974
300972
30091999
30091965
30091959
30081966
30081963
30081954
300808
300766
30071956
300673
300664
30061965
30061958
300596
300593
300569
300567
30051954
30051953
300499
300498
300496
300473
300467
300466
30041959
300399
300397
30038
30031967
30031958
300160
2W93jpA4
2sexy4u
2q3w4e5r
2q3w4e
2-Oct
2br02b
2bon2b
2access
2999
2996
2978
296600
2954
2947251
2934
291987
291269
291266
291196
291168
29112000
29111997
29111959
291094
291076
291071
291070
291062
291059
29101969
29101966
29101965
29101957
29101955
29101953
290973
290972
29091962
290870
29082908
29081961
29081957
290770
290672
29061966
29061957
290598
290497
290474
290466
29041966
29041959
29041957
290395
29038
290376
290370
290366
290199
290168
29012001
29011969
29011963
29011958
29011957
29011955
2882
2871
286685
2858
2848
2826
2823
281987
281269
28122005
28121967
281194
28111968
28111962
28111959
281095
281067
281060
28101968
28101962
28101960
280972
28091967
28091963
280873
280869
280864
28082000
28081959
280793
280698
280696
280667
28061960
280595
280594
280571
28052000
28051965
280470
280466
280394
280371
280360
28031969
28031954
280298
280297
28021961
280195
280171
280167
28011958
28011957