2782
2778
2777
2775
2769
27442744
2735
27121958
271198
271196
27112001
27111997
271096
271070
271064
27101959
27101958
270998
270993
270973
27092003
27091998
27091967
27091966
270896
270893
27082002
27081999
270797
270772
270670
27061968
27041958
27031959
27031958
27031956
270170
270166
27012701
27011959
2700
2698
2684
2682
26802680
2674
26622662
2661
2645
2644
2633
2630
2629
261967
261261
26121968
26121962
26121958
26112001
26111969
26111962
26111961
26111960
26111958
26111955
261073
26101968
26101964
260966
260960
260958
26091964
26081964
26081960
26072000
26071968
26071967
26071963
26071953
260669
260662
260654
26061963
26061962
26061957
260565
260562
26051962
26051958
260496
260474
260472
260471
260470
260468
260467
260375
260365
26032002
26032000
26031967
26031962
260272
26022000
26021957
26021949
26011958
26011957
2590
258036
2580147
2567
2547
2543
252252
251299
25121964
25121961
25121960
25121954
251199
251196
25112511
25111969
25111955
251068
25101969
25101959
250999
250968
250958
25092007
25091959
250897
25081961
25081958
25081953
250769
250761
250697
250673
25061965
25061964
25061960
250570
250565
250469
25041965
25041957
250398
250397
25031954
25028
250266
25021965
25021956
250170
250165
25012001
25012000
25011963
25011955
24beers
2489
2470
246969
246813
2467
246642
24622462
245245
2451
2450
2435
2434
2431
241980
2414
241274
241267
24122412
24121960
241170
24111999
241100
24108
241074
24102003
240994
240966
240964
24092000
24091959
240866
240865
24081959
240777
240772
240768
240763