24072004
24071998
24071955
240683
240670
240664
24061961
24061957
24061956
240606
240597
24051968
24051964
24051959
240496
24048
240477
24041967
24041961
24041959
24041958
240400
240375
24037
24031965
240297
24021999
240196
24011998
24011966
24011963
239239
2388
23843dima
2384
238238
23472347
2340
2329
23272327
232123
231995
23152315
231296
23121964
23121957
231175
231173
231160
231159
23111967
231071
23101969
230999
230973
23091961
23081957
23081956
230770
230769
23071960
230667
230666
23062306
23061958
230565
230560
23051961
23042001
23041999
230397
230375
230370
230366
23031963
230267
230263
23022001
23021949
230173
230168
230166
230165
23011959
230000
2293
228363
22692269
2268
226688
2258
225225
2251
2237
2236345
223622
22360679
22342234
22322232
22299
22233
22228888
222223
222222000
222221
2219
22182218
2218
221275
22121959
22121951
22111963
221067
22101998
220971
22091966
22091955
22081961
220798
220762
22072000
22071959
22068
220667
22061953
22051976
22051956
220468
220466
220460
220457
22041963
22041959
220399
220366
220360
22031964
22031956
220299
22021964
220173
220170
22012201
22011967
21952q
2184
2171
21692169
2166
2153
2152
2146
2144
213243
21314151
21202120
21198
2118
2117
211298
211274
211262
21121997
21121966
21121960
211199
211177
211173
211160
21102110
21101959
21099
21091964
21091958
210874
21082001
21081968
21081966
21081964
21081960
210769
210668
21061998
210599
210595
210564
210498
210470
210464
210361
21031965
21031960
210303
21022002
21022001
21021968
21021964
21021961
21021959
210196