19841986
198419
198415
198383
198319
19822
198124
198122
198023
19802
19800
197888
197824
197822
197802
197711
197610
197519
197511
19732846
197321
19731981
19730
1972197
197171
197131
19688691
196500
19381938
19361936
192192
191993
191989
191194
191174
191173
191165
19111967
19111963
191079
191075
191071
19102000
19101954
190977
190976
190966
190963
19092001
19091959
19091956
190872
19082001
19081963
19081962
19071967
19071962
190680
190677
190668
19061964
19061962
190577
190565
19051999
19051968
19051966
19051964
19051956
19051953
190494
19042002
190394
190392
19038
190371
19032009
19032001
19032000
19031963
19031960
19031955
190299
190284
190268
19022000
19021999
190179
190148
19011961
19011958
19011901
19001900
189189
18901890
1886
1882
1878
1871
18631863
1854
1852
1842
1840
1835
1826
18241824
1823
18201820
181995
181264
18122003
181218
181162
181096
181072
181071
181062
18101958
180998
18097
180961
18092001
180894
180867
18081965
180770
180765
18071961
180666
18062001
18061961
180596
180564
18051967
18051959
180497
180471
180463
18041965
18041964
18041951
180369
180366
180362
180266
180197
180166
180161
18012000
18011949
179328
1783
1781
177777
1756
174174
1736
172165
171267
17121965
17121958
171195
171172
171170
171164
17111965
17111957
171096
171092
17108
171078
171074
171069
171066
171065
171060
17101962
17101957
170965
17091960
170860
17081965
17072002
17071964
17071954
170699
170676
17062002
17062000
17061956
170595
170592
170571
170563
17051999
17051962
17051958
17051705
170469