170466
17041999
17041997
17041958
170372
170358
17031969
17031968
170297
170295
17028
170271
170265
170258
17021960
170177
17011958
16666
1665
1662
164427
1644
161987
161985
161297
161268
161251
16121967
16121959
16111960
16111959
16111958
16111611
16108
161063
161057
16101965
16101963
16101953
160997
16092000
16091958
160875
160865
160861
16081999
16081969
16081608
160799
160796
160771
160770
16071968
16071955
16062003
16062000
160571
16051963
16051954
160496
160467
16041960
16041951
160400
160369
16031964
16031960
160276
16022008
160169
160166
16011965
159654
15951
1595
15935728
1592648
1585
1581
1566
1561
15541632
1544
1543
15421542
1541
1536
1531bs
15301530
15281528
15211521
151974
1519
15161718
15161516
15141312
151299
151260
15122006
15121966
15121961
15121959
151161
15108
151075
151070
151067
15101997
150971
15091959
150898
150865
15081964
15081954
150771
150769
150759
15061966
15061956
15061955
150598
150570
15052001
15031966
15031958
15031951
150297
150268
15021954
150199
150198
150173
150168
150165
15012001
14u2nv
1486
148148
1480
14791479
1478965
14751475
147369a
1472580
14714714
1464
1444
1442
143143143
14215469
142142
14211421
1416
14121999
14121967
14121966
14121965
141199
141174
141166
14111999
14111967
141069
141067
141062
14101999
14101964
14101960
14101957
140972
140969
140959
14091967
14091955
14081963
14081950
140770
140762
14071958
140669
14062001
140574
140566
140561
14052002
14051958
140499
140496
140470
14041959
140404
140376
140371
14031967
140276
140256
14022002
14022001
14022000
140177