14011963
14011957
1371
13651365
13591359
13581358
1351
13456
1344
134267
1335
1329
1328
1324354657
131995
131991
131984
131619
131297
131272
131267
13117
131165
13112001
131096
131093
131066
130998
130970
130968
13091966
130899
13081999
13081998
13081971
13081960
13081957
130808
130767
130764
13072000
13071959
13071957
130667
130660
13061965
130599
130570
13051962
130496
13041959
130399
13031958
130298
130273
130268
130260
13022001
13021961
13021955
130196
130158
13011967
12sambo10
12qwasyx
12beers
12andriy14
127721
127576
127560
12691269
1262
12561256
125480
12471247
124563
124321
123zxcv
123z123
123vvv123
123rep
123lol
123happy
123gjm
123ewqasd
123dog
123bob
123alex
1235123
1234rtyu
1234q1234
123498
123478
12345ru
12345qazwsx
12345qa
12345q12345
12345h
123456zxcvbn
1234567n
1234567j
1234567891011
1234567890qwertyuiop
123456789*
12345677654321
123456-
1234554321a
12340
12332111
123233
123182
123177
122896
122874
122867
122862
122782
122678
122599
122480
122379
1223505sayana
12233
122185
121999
121992
12198
121946
121899
121869
121577
12141618
121401
121374
121371
121369
121354
1213456
1212aa
12122002
121197
121192
12118
121169
121164
121160
12111966
121099
121058
121054
12102001
12101998
12101963
12101961
12101954
12099
12091960
120860
120859
12081966
120793
12071961
12071957
120668
120664
120659
12061966
120562
120558
12051957
120467
120460
12041957
12032002
12032001
12031967
12031956
120261
120256
12021962
120203
120194
120165
12011962
12011961
12011957
11771177
116211
114466
1135
113456
11331133
113257
1132
112774
112769
112763
112699
112371
112271