112198
112192
112163
111997
111989
111985
111977
111971
111966
1116jm
111297
11128
111272
111222333444
11112005
11111968
11111957
11111955
111111s
1111111111q
111097
11108
111079
111071
111070
111066
111062
11101998
11101959
11101958
11101957
11101775
111000z
110956
110873
11081958
11071965
11071958
110708
110698
110672
110661
110606
110599
110566
110562
11051953
110501
110499
110498
110459
110453
110450
11041967
11041962
11041961
110400
110372
11031103
110298
110267
110266
11021965
11021102
110199
110170
10dogs
10691069
1047
1046
103175
103173
103079
102485
102475
102380
102269
102175
10210
10201
101985
101983
101980
101975
101972
101966
101965
101774
101760
101664
101481
10141014
101267
101255
10121962
10121956
101213
101165
101161
10111967
101058
101023
10101999
10101954
10101950
100971
100961
10091964
10091960
10091958
100900
10088
100868
100858
10081008
100798
100764
10072006
100664
100662
100657
100656
10061965
10061962
10061958
100599
100499
100453
100362
100361
10031965
10031959
10031958
10031956
100298
100262
100256
10010
10000000
0px
0999
0989
0976
091982
091296
09121968
09121966
09121960
091166
09111997
09111963
09111962
09111960
09111959
091075
091074
091070
09101970
09101966
09101965
090964
09091960
09081968
09081967
09081960
090789
090770
09071959
090696
09061960
09061956
09051959
09051955
09051954
090475
090474
090467
09041961
090376
090374
090370
090369
090361
09031969
09028
090268
090262
09021963
09021957
090195
090192
090179
090171
09011963
0891
0885
0879
0876
0874
0864