0857
0814
081297
081275
081273
081271
081267
081265
081264
081258
08122001
081187
081175
081172
08111999
08111968
08111965
081097
081079
081078
081075
081073
081068
080978
080972
080971
080960
08091969
08091968
08091963
08082009
08082006
08081998
08081965
08071965
080706
080695
08061957
080598
080594
080575
080564
080561
080477
080476
08041999
080393
080373
080370
080266
08021954
080197
080194
080178
080173
080166
08012000
08011999
08011961
0799
0779
0772
071299
071296
071273
07121961
07121957
071195
071193
071176
071165
07111955
071099
071064
071061
07102000
070997
070977
070974
070972
07091966
07091961
07091957
07091955
070897
070872
070871
07081965
070793monolit
070769
070765
070706
070692
070672
070662
070660
07061998
070598
070597
070594
070586
070570
070564
07041970
07041957
07041956
07041954
070395
070376
07032000
070268
070266
07021965
070181
070170
070167
070166
07011996
0697
062676
06251106
062001
061981
061974
06121999
06121972
06121965
06121964
06121962
061173
06111999
061099
061096m
061091
061081z
061073
06101963
06098
060964
06091968
06091966
06082000
060780
06071999
06071961
06071953
060708q
060667
060665
0606198
06061967
06061965
06061957
06061956
06061954
060580
060579
060563
06051966
060478
060475
060474
060472
06041958
06031967
06031963
060293
060284
060272
060268
060255
06022009
06022001
06021955
060160
06011960
0579
0575
0568
052769
051582
051373
051267
05121962
05121952
05118
05112000
05111966
05111965
05111963
051093
051074
051071
051066
051064
051061
05101997
050974
05092000
05091959