050905
050898
050866
05081959
05081957
05081956
05081955
050798
050796
050769
05071958
050699
050695
050672
050667
05061999
05061970
050607
050605rostik
050598
05058
050558
05052008
05051955
050495
050494
050472
05041964
05041961
05041956
050379
050377
050375
050373
050364
05031957
050272
050268
050267
05021959
050205
050179
05011959
05011956
05011955
0495
0491
0459
042898
041370
041298
041261
04122001
04121958
041197
041195
041163
041156
04111963
041095
041077
041070
04101964
04101961
04101959
04101958
04101954
040997
040995
04098
04092000
04091964
04091958
04081968
040794
040770
040768
04071968
04071957
040695
040672
040662
0406198
04061967
04061960
04061957
040568
040562
040558
04052005
04052000
04051960
040472
040464
04042002
040397
040394
040389
040370
04032001
04031960
04031955
040260
04021959
040197
040176
040160
04011966
04011963
04011955
0391
0384
0380
0379
0356
033033
03210321
031976
031660
03130313
031292
031288
031260
03121966
03121965
03121960
031170
031168
031167
031163
03111965
03111961
03111958
031091
031070
031067
03102002
03101999
03101953
030994
03091959
03091957
030902
030896
030862
03082007
03081959
030803
030777
030773
03072002
03071997
030663
03061969
030559
03052007
03051959
030499
030467
03042006
03042003
03042002
03041999
03041960
03041959
030399
030396
03031957
03030
030297
030271
030268
03021961
03021955
030193
030167
030157
03012002
0287
0283
0282
0269
0260
0235
0231
0230
021979
021961
021498
02143006
021296
021196
021176
021173
021172
02111967
02111966
02111964
02111961
02108