7816
7810
7808
77887788
777xxx
7777r1
77779999
7777778
7777777f
777777777777
777776
7775
7774
775775
77531911
7744
7735
773311
7728
7727
771177
7679
767300
7664
7612
759486
755755
753dfx
753421
7531
7480
7445
7436
7419
741852963q
74125
741177
7410852963
7410852
7402
7398
7333
7325
730000
72727
7170878g
7116
710710
710420
708708
7072
7057378
7029
7009
7006
69pass
69mustan
6980
6971
69691
6966
6932
6928
6912
6902
6861
6844305
6819
6781
6777
676869
6765
675675675a
673108090
66mustang
6678176
6675
666devil
66696669
66677
6660666
6655321
6651
6636
662662
6606025
65mustang
6572
6571
655005
6543211
654312
65412
6533
6512
6462
6454
6449494
6416
6411
6370869
6357
63206320
6307
62vette
6294
6272
6255
6252
6248
6235
6233
623000
6215
6204
6189
61616161
6120
6119
6117
6055
5klapser6
5978
5972
59595959
5953
592111
58915891
5885
5882300
5882
5874
5869
5867314
5859
585585
5855
5854
580709
57vetguy
5789
5761
5755
56tyghbn
5672
5670
56654566
56525652
5647
564321
56325632
558855
55681293
5562
5561
5560
55555s
55555l
555
5531
55235523
55013550
5483
5480
547896321
5470
544544
5432167890
5414
5388
533333
5316
5302
5301
5300
5267
526526
5236
52325403
5230
5224
5223
5221
52135213
5212
52015201
5201
5199
5174
5168
5166
5157
5156
515050
5144355
5144
5133
5130
5123
5121