511006q
5102
50cents
5040
5038
5011
5010
4rfvbgt5
4r4r4r
4ngF4g2
4horseme
4girls
4getit
4access
49erfan
4999
4982
4977
4969
4951
4943tabb
4936
4922
4897
48916052a
48914891
48844884
487111
4866
486213
4858
4845
4819
4789
4784
4774
4767
4735
4697
4664996
4647
4644
4643
4641
46225778
4615
4613
4595
459459
4586
456456456q
4555
4547
454647
4544proj
4527
4517
44street
4495
4485
4480
4476
446644
4465134444
4463
4459
445544
4452
44446666
44445
4438
4424
44234423
4420
4415
441441
441144
4406
440044
4367
4346
4339
4336
4334
4329
432432
43215678
431311
4311
4295
4277
4273
4269
4262
4251
424424
424344
4243
4240
42324232
4220
4210
4208
4203
42000
4174
4164
4161
4151
4150
4145
4140
4139
4136
4133
4127
4124
4122
410410
4090
4066
4047
4037
4025
4023
4017
4010
4004
3speed
3993
3964
3961
3933
39273927
3910
38super
3881
3872
3852
3841
38323832
382003
3781
3780
3740
37333733
37113711
369272
369123
3689
3684
3683
367900
3673
3667
36523652
3650
364364
3640
3620
361111
3604127
3595
3585
358358
35791
356356
354eli
3548
354545
3524
3522
3520
3519
3488
34851290
3478526129
3477
344444
3438
3435
34343
3425
342342
3420
3417
340cuda
3406
340000
33yank
3398
337799
3375
336933
3360666
335335
3353
33467
334365
3338333