3338
3337
33335555
333333a
33303333
3322607093
33153315
331331
3304
3282
3280
3276
3270
326532
326326
3261
325698
325678
3240500777
323432
3228
3216789
3215987
321000
3208
3189
3176
3160
3155
3137
3135
31321dj51982
3132
3130
31253125
311313
311260
31121998
311111
311069
31101999
310870
31082001
31081963
31078
310773
310761
31072001
31071956
31052001
31052000
310368
31031958
3102
31011962
30secondstomars
3086
308308
3080
307307
3063
304050
3039
3036
3033
301269
301261
3012292113
301199
30119
301174
301173
30111998
301099
301069
301063
301056
30101967
30101959
300992
300960
30091960
30081999
30081998
300795
300774
30072000
30071998
300697
30062000
30061966
30061964
30061959
30061957
300566
300563
30051958
300469
300464
30041945
300398
300373
300370
300369
300368
300363
30031966
30031956
30031952
300176
30012002
30011958
30011953
2smart4u
2pacshakur
2dogs
2cute4u
2bears
29922992
29912991
2970
2968
2964
2961
2960
2958
2955
2953
2936
2930
2926
2919
291273
291265
29121968
29121959
29121955
291199
291169
291166
29111961
291098
291097
291096
291073
291061
290971
290961
29092002
29091958
29091951
290895
290876
290871
29082000
29081958
29078
290774
290767
29071966
29071961
290699
290698
290696
290671
29061953
29058
290573
290567
29051957
29051955
29051953
290496
290468
290462
29042904
290368
290365
29022008
29021968
290176
290174
290170
290164
290160
29011956
28912891
2877
2876
285485
285285
284968
2843
284063
2833004
28282
281985
2815
2814
281261