28121999
28121956
281171
28111955
28108
281075
28102810
28101956
280965
280962
28091964
28091958
280907
280870
28081954
28081952
280796
280770
28071998
28071963
28071953
280668
280666
280560
28051959
28051958
28051955
280498
280497
280494
280471
28041956
28041955
280361
28031962
28031957
280303
280275
28022001
28021957
280196
280163
28012001
2796
2787
2774
2767
2758
2757
2729
2725
271987
271299
271281
271276
271268
271256
27122003
27121963
27121952
271167
271160
27111969
27111966
27111965
271078
271001
270977
270974
270972
270966
27091961
27091955
270871
270866
270860
27082001
27081953
270799
270769
270757
270665
270574
270570
27052000
270472
27042002
27042001
270377
270367
270363
27032001
270274
270272
27021959
27021956
27021955
27011964
27011961
27011957
2690
2681
266666
266266
2653
2650
263739
262728
261996
2616
261294
261259
26122002
26121965
26121963
26121961
26121959
26121951
261198
26117
261169
261168
261167
261162
261158
26112002
26112000
26111967
26111959
261074
261069
261068
26101967
26101957
260974
260967
260868
260867
26082000
26081963
26081961
26081959
260771
260770
260769
26068
260671
260667
260663
26061999
26061958
260569
260567
260564
260560
26051960
260461
260459
260370
26032001
26031958
26031957
260299
260269
26012002
25tolife
2592
258852258
2588
25845
25832583
25822582
2580852
2579
2577
2574
25692569
255ooooo
2556
25544
2553
2548
25451a
2545
2540
2533162
25292529
252903
252
25197
25162516
2516
251296
251294
25121962
251167
251164
251159
25111965
25111957