251111
251070
25102006
25102000
250964
250961
25091960
25082007
25081959
25081951
250772
25077
250766
25071963
250698
250696
250670
250669
250659
25061998
250596
250572
250566
250562
250560
25052009
25051970
25051963
250500
25041959
250368
250356
25032001
25031958
25031952
250303
250293
250269
250268
25022001
250199
250168
250162
25002500
24hour
2495
248163264
2478
2471
246802
2461
2458
24552455
2438
2437
243243
2430
2429
2428
24262426
24202420
24162416
241299
241273
241266
241263
241255
241203
241166
24112000
24111966
241064
241063
24101999
240968
24092002
24091958
240897
240895
240874
240862
24082000
240797
240774
240767
240766
24068
240669
24062000
24061963
24061959
240565
24051960
240500
240472
240468
240460
240459
240404
240274
240269
240261
24021961
24021952
24011956
2398
2397
2393
2390
2387
2360
235623
23552355
235200
2352
2348TYty
23462346
234556
2343
2339
233445
23232323q
232
231996
231990
231987
231983
2318
2317
231423
23132313
231277
231268
231267
23121966
231164
231070
23101960
23101959
23101958
23092000
23091959
23091958
23091957
230900
230872
230871
230865
23071989a
23071957
230697
230672
230663
23061962
23061961
230600
230572
230566
230467
230462
23032001
23031958
23031953
230297
230266
23021956
230163
230155
23012004
23012000
22red22
22ffkeij
2295
229229
228899
228228228
2279428
2267137151
22558899
22558800
225533
22482248
223333
222322
2222333344445555
221991
221990
221989
221985
221322
22128
221267
221222
22121967
221206
22113
22111957
221063
22101968
22101955