22091961
220907
220867
22082001
220799
22078
22077
22071958
220699
220669
220666
220665
220663
22061959
22061957
220568
220561
220555
22052002
220464
22038
220364
220355
220297
22028
220273
22022000
22011959
2199
2197
2190
21812181
2179
2173
2165
2163
2161
215215
21422142
2138
2136
21222324
212121sex
211983
211270
211267
21121954
211198
211159
21111961
211070
21107
21101958
21101957
21101954
210967
210961
210957
21092001
21091960
210898
210893
21082108
210797
21078
210771
21071958
210698
21062001
210598
210566
21051999
21051962
21051958
210471
210469
210462
210461
210359
21031962
21031958
210275
21021950
210211
210165
210162
210159
21011960
210
2098
2097
20932093
2088
2080
20652065
2056
2054
2050
2039
20302030
20222022
201990
20132013
20129
201266
20121955
201197
201168
201163
201161
20111957
20108
201069
201068
201065
201057
20102002
200996
200966
20091956
200896
200873
20081999
200769
200757
20071965
20071952
200700
200695
200660
20061999
200574
200565
200564
200555
20051951
200507
200500
200469
200467
200461
20041961
20041957
20041956
20041955
200400
200398
200372
200370
200368
200366
200365
20032001
20031958
20031957
200265
20022000
20021955
20021952
200201
20020
200194
200167
200165
20012008
20012004
2001200
20011999
2000char
1Zzzzzz
1Yyyyyyy
1Xavier
1wizard
1Windows
1wildcat
1Warrior
1w2e3r
1Uuuuu
1Teens
1Sucks
1Suckit
1Sssss
1Shelly
1Service
1Sarah
1Sandra
1samira1
1Sally
1Rocky
1Reddog
1Raiders
1qazwsxedc
1qaz2wsx3
1q1q1
1Psycho
1Princes
1o3t6res
1Nathan
1Molly
1Marine