1Marcus
1Lucky
1Lisa
1Lights
1liasita
1kitty
1Kermit
1Jimmy
1jeffrey
1Jasper
1Hooters
1Hobbes
1Hermes
1Harry
1Gabriel
1Freddy
1dollar
1Directo
1Ddddddd
1David
1Cricket
1Cracker
1Cock
1Cobra
1Claire
1City
1Carmen
1Captain
1Brother
1bonjour
1Billy
1avvatar
1August
1aszxm
1Asdf
1Alexand
1a3g5m
19kilo
1999666
199900
19988991
1998199
199712
199711
199696
19952008
199510
199494
1994199
199418
19932009
19930901w
19930305
19922009
19922
199206
19911993
199116
199012
198929
198927
19891991
198908
198902
19882
198819
198815
198708
198666
19862005
19862
198617
198614
198613
198601
198507
19848
198422
198412
198405
198323
19831986
198310
19821986
19821985
198214
1981198
198119
198105
198025
198011
198007
19792000
197821
197812
197723
197719
197701
19761978
1976197
197617
197612
19741977
197401
197346825
197323
197310
197224
197219
19690902
196819
196767
19671297
196700
196600
1964delt
196411
196111
196000
195800
195600
195501
194700
194362
19431943
194145
194123
19351935
1928374650
19283
191295
191261
19121999
19121966
19121963
19121955
19118
19112000
19111959
19111951
191096
191092
191088
191074
19091998
19091968
190895
19082006
19081999
19081954
190796
190773
190770
19072002
190708
190696
190694
190674
190667
19061961
190595
190572
19052003
19052001
1905199
19051960
19051958
190496
19048
190467
190466
190460
19042001
19041999
19041960
190375
19037
190365
19031967
19031958
19031956
19031949
190273
190269
19021964
19021955
190193
190000
1897
1889
188888
187777
1862
1845
18381505
1832
183183
1829
1828
182000