18152229
181298
181296
181274
181268
181266
181262
181257
18121967
18121955
18121954
18117
18111964
18111958
18111956
18111954
181067
18101961
18101960
180976
180973
180967
18092003
18091962
180897
18088
180877
180858
18081966
18081960
180800
180697
180673
18061960
180599
180597
180571
180561
180558
18052005
18051968
18051957
180505
18048
180467
18042001
18041961
180398
180376
180370
180363
180298
18021960
18021956
18021802
180174
180159
18001800
17days
1797
1794
1788
1786
17761968
17711771
176176
1745
1735
1730
1729
172040
171987
171979
171298
171295
171270
17121999
17121963
17121956
17121955
171192
171167
171160
17112001
17111962
17111951
17101959
17101949
170971
170959
17092000
17091967
17091963
17091954
170896
170893
17088
170868
170861
170859
170856
17081963
17081957
170799
170769
170767
170766
170759
170758
170670
17062001
17061963
17061954
170599
170572
170567
17051954
17041961
17041959
170406
170364
170273
170263
170260
170251
17021959
17021956
1701a
170179
170163
17012010
17011955
1696
1691
168888
16777216
1656
1650
1648
1641
1639
16281628
161992
16199
16197
16171617
16161
16137055r
161299
161298
161265
16122000
16121962
161163
161067
161066
16101964
16101958
16101956
160971
160970
160963
16091957
160895
160860
16082002
160808
16077
160769
16071967
160670
160668
16061961
16061960
16061958
16061956
16058
160573
160558
160494
160472
16042001
16041957
16041604
160399
160368
160367
160364
160356
16031997
160296
160272
160269
16021957
16021954
16021953
160202
160170
16011999
16011958