159987
15997357
15975328
1597
15935700
1589
1588
1586
157408
1572
156789
1555
155115
15451545
15411541
15381538
1528
151986
151975
151297
151274
15121964
15121512
151197
15111956
15111955
15111954
151099
151068
151062
15102001
15101999
150999
150973
150970
150969
150965
15091967
150907
150861
15081958
15081957
150776
150768
15071965
15068
150673
150668
150664
150657
15061968
15061967
15061965
15061963
15061957
15051505
150471
150468
150462
150460
15042003
15042002
15041968
15041955
150368
15027
150265
15021963
15021956
15021955
15021949
150195
14f7245
1498
1484
147852a
1472232
1466
1456321
14523
1449
1448
14361436
14291429
142536a
142414
142356
142000
141298
141297
141267
141264
141260
141259
14121960
14121955
141200
141170
14111962
14111960
141070
141060
14102000
14101965
14101963
14101962
14101954
14098
140970
14091958
140870
140869
140861
140854
14081968
14072008
14072006
14072001
140693
14068
140671
140664
14061999
14061967
14061965
14061954
140599
14052008
14051961
14051951
140457
140456
14041967
14041960
14041952
140362
14032002
140267
14021958
14021957
140204
140168
140160
140153
140128
14012006
14012001
14011966
14011401
140000
13erin3
13972684
13799731
1377713
137465331
1374
136969
13666
1364
13579000
1352
1346789d
13451345
13246587
132457
1324354657687980
13211321
131990
131985
131983
13181318
131719
13161316
13151315
1315
13141516
131261
13121965
13121961
131194
131167
131163
131162
13111967
13111966
13110
131098
13107
131065
13102007
13101958
13092003
13091958
13091957
130860
13081964
13081962
130805
130796
130765