130760
130758
13071999
13071960
13071307
130701
13068
130668
130666
130665
130562
13051967
13051961
130498
13048
130463
13041957
13041955
130367
13031963
130267
13021999
130170
13012001
130120
13001300
12string
12qwert
12q34w
126969
12591259
125634
1252
124567
124512
12411241
123w123
123stella
123sas4758
123qwertyuiop
123qweR
123qwe4r
123Qwe
123q456
123poi
123muda
123jkl
123india
123e456
1239875
1237890
1236987a
123698745a
12369874123
1236987005
1235711
1234zxc
1234tp
1234rfv
1234Qwer
1234q
1234go
1234F4321
1234aaaa
1234aaa
123499
12347
12345zz
12345ua
12345roma
12345asdf
123456S
1234567y
1234567qwerty
12345678t
12345678qwertyu
12345678l
12345678k
12345678f
123456789azat
12345678999
123456789987
12345676
12345654
123453
123421
1234131
12340000
123321l
123321as
12332144
123184
123163
1231313
123123w
123123r
123123az
123123aa
1231239
123123123z
12312300
123078
123060
123012
123003
122900
122869
122852
122679
122676
122580
122572
122344
122269
122221
122198
122170
12214221
122080
121993
121982
12197
121967
121787
121770
12161216
121578
121570
121567
121512
121482
121481
121377
121355
1213141516171819
12129
121254
121247
12121999
12121958
1212123a
12121234
121161
12112004
121100
121064
12101957
12100
12097
120961
120959
120954
12092004
12091971
120900
120863
120853
120848
12081999
12081963
12081923
120800
12080
120771
12072008
12061958
12061953
12051955
12051954
12050
12047
120465
120454
12041958
12041955
120399
12039
120365
120362
120360
120358
120357
120265
12021965
12021956
12021951
120172
12016
120151
11qqaazz
115476
11441144
1136
113399
113077
113069
113049
112state
112plz
112956