11291129
112778
112770
112678
112581
112578
112500
112399
112382
112374
112358132134
11234
112283
112276
112272
112270
112161
112081
112065
111zzz
111995
111967
111963
111953
111266
111261
111222333q
11121958
11118888
11116
111159
111158
111121
11112
1111199
11111961
111119
111111aa
111101
111069
111065
111063
111050
11101999
11101996
11101970
110997
110968
110959
11092002
11091963
11091959
110899
11082006
11071968
11071963
11071960
11062001
110568
110565
110560
110557
11051963
110463
110457
11042002
11041954
110406
110396
110365
11032002
110296
11021958
11021957
11021956
11020
110164
11011955
1091989
1082
106969
105000
1048576
10351035
103199
103180
103179
102981
102888
102780
102578
102576
102568
102478
1024768
102476
102462
102456
102370
102356
102275
1021521
10211021
102078
102030123
101994
101982
101963
101780
101711
101677
101666
101594
101578
101495
101361
101299
10127
101259
10122001
10121963
10121953
101214
101212
101172
10117
10111961
101102
10110
101059
101053
101010a
101000
100995
100964
100959
10091966
10091962
10091959
100898
100895
100894olol
100863
10081961
10081956
10081951
10072002
10068
100670
10067
10061957
10061953
10061006
1005198
100501
10042007
100399
100369
100365
100364
100358
100357
100270
100260
10021963
100198
100195
100170
10012002
10011958
10011950
100111
10001
0okmnji9
0o9i8u7
0995
0993
0992
09910991
0991
0988
0987poiu
0987612345
0985
0983
098098098
0980
0979
0975
0962
0935
091674
091297
091274
091271
09121964
09121963
091170
091161
09111964