091073
090984
09092001
09091969
09091956
09091955
09091954
090875
090870
090868
09082000
09081959
090809
090794
09072004
09071956
090674
090595
090570
090569
090559
09052001
09041959
09041953
090382
090378
090377
09032002
09031962
09031953
090292
090257
090193
090182
090175
090174
090172
09011965
0900
089300
0882
0875
0868
0867
0856
0855
0853
085213
0826
082000
081955
081269
08121999
08121961
081208
081195
081167
081157
08112000
081101
081095
081063
08101967
080996
08091952
080860
08081968
080776
080772
080767
08072001
08071967
080696
08061959
080579
080577
080567
080560
08051960
08051955
080498
080493
080473
080465
080461
08041955
080392
08031951
080300
080278
080272
080264
080259
08021966
08021959
0802
080177
080168
0798
077777
0775
0774
0750
0746
0741020
0732
0727
071262
07121999
07121962
071162
07111957
07111956
071097
071063
07101965
07101959
07091965
07091964
070907
070896
070868
070867
070865
070863
070861
07081962
07081952
07071962
070696
07061999
07061957
070596
070579
07051962
07051958
070470
070397
070381
070370
07032006
07031966
07031964
070275
07022002
07022000
070197
070177
070174
070161
07011955
07010701
0698
0693
0685
0678
0662
0638
062274
061295
06128
06121998
06121967
061178
061166
061162
06112000
06111960
061098
061093
06108
061067
061059
06101960
06101958
060995
060969
060963
06092000
060899
060894
06082002
06081954
060767
060760
060660
06062002
06061959
060597
060574
060568
060564
060561
06052005
060504
060499
06041966
06041956
060366
060299