060297
060277
060274
060263
06021952
06011962
06011953
0588
0578
0577
0574
0555
053098
0530
0528325452mr
052585
051979
051974
051973
05180518
051298
051268
051264
05121969
05121967
05121963
05121954
05120512
051199
051195
051173
051172
051171
051170
051162
051160
05111967
05111960
051099
051067
05102000
05101962
05101960
05101958
05101956
05101955
050994
050971
050969
050967
05092001
05091955
050865
050855
050800
05072002
05072001
05071967
05071963
05071955
050675
050669
050662
05062003
05062001
05061962
050606
050599
050597
050567
050566
050565
05051956
050481
05042007
05041962
050398
050367
050361
05032001
05032000
05031956
050299
050294
050261
050199
050169
050166
04yvette
0472
0447
0441
0432
042376
041988
041970
041677
04128
041276
041268
04121999
04121961
041199
041196
041161
041159
04112000
04111998
04111969
04111967
04111962
04111949
041100
041098
041068
041065
041063
04101998
04101957
040973
040967
04091999
04091956
04087
04081999
04081957
040769
040767
04072006
04071999
04071965
04071961
040669
040668
04062004
04061963
040573
040563
04051964
04051961
04051954
040467
040465
04042010
04042008
040395
040369
040363
04032003
040295
040294
040275
040267
040263
040174
040168
040164
04011999
03whel
0397
0382
0372
0341
032257
03160316
031299
031266
031261
03122001
03122000
03121968
03121955
031191
031175
03112000
031066
03101965
03101963
03100310
030995
03098
030975
030963
030958
03091970
03091964
03091963
030866
030865
03081960
030774
030763
03071961
03071958
03071957
030673
030667
030665
030661
03062002