03061964
03061954
030596
030556
03051953
03051952
030498
03048
03041962
030364
030355
03032004
03031965
03031962
03031954
030294
030275
030272
03022001
03021959
030170
030164
030163
030161
03011998
03011966
03011957
03011954
03011951
02987654321
0290
0280
0277
0276
0273
02650265
0259
0247
0229
021974
021294
021274
021269
02122000
021164
021159
02111954
021094
021093
021092
02102000
02101999
02101959
02101955
020995
020961
020899
020867
020864
020860
02082002
02081956
020771
020770
020767
02071962
02071960
020664
02061959
02061951
020572
020566
02052001
02052000
02051960
02051950
020508
020499
020471
020470
020469
020464
02042005
02042004
02042001
02041956
020360
02031956
02021958
020197
020168
01mina
0189
0184
0180
0174
01477410
01200120
012000
011291
011274
011260
01122006
01122001
011175
011172
01111963
01111954
011096
011092
011076
011066
01101954
01092003
01092001
01091954
010907
010896
010867
01082006
01082001
01081958
01081955
01078
010759
01071959
01070107
010699
010697
010674
010663
01062007
010599
010561
010559
010553
01050105
010465
010463
010460
01042009
010403
01040
010398
010394
010367
010365
01031964
01031959
01031955
01031953
01031950
010297
010264
010260
01021951
010190m
01011949
01011920
010107
009009
007777
00769
007123
00700700
0068
0066600
0058
004937
0035
0031
0021
001974
001972
00197
001300
001234
000ooo
0000aaaa
00009870
000044
00000000a
zzzz1111
zyryab
Zxcvbn1
zxcdsaqwe
zxcasq
zxc789
zxasqw1
zx12zx12
zx1234
zvfqrf
zvereva
zverek
zuzanna
zuzana
zuma
zuerich
ztrewq
zrjdktd