7939
7906
789512357
7894562
7891
7886
7877
7859
784512963
7811
779999
778877
778548
7783
7779
777777q
7777777v
776969
7757
7753
77441
770770
7668
7665
7650
7648
75987598
7595246
759153
7571
753698
75321
753159456
7530
751953
7473
7469
74527452
7428
7421
7420241
7420
7418
741456
7407
740106
7385
7366
7361
7360392
7351302
7334
7326
7308
729729
72779673
7275
7250
7246
7243
7238
72277227
7218
7214
7200
717273
7172
717071
7166
7162534
715715
7155
7147
7129034
7122
7115
7080
7058
7049
7046
7012
7002
6strings
6serv9
6BC8A365
69sex69
69love
69erin
69bronco
69886988
6985
6978
6972
6969696969
6968
695847
693693
6929
691969
6903
68iypNeg6U
68chevy
6890
6872
6871
6835acdi
67ford
6780
6779
6773
6746828
6722
6713562
66stang
6696
6673
6671
66706670
6667370
66668888
666667
666666z
6666661
666661
66554433
661944
6615
6611960
660066
658346
6569
6567
65458845
6545
6523
6519
6504
6501
6496
6482
646646
6461
6449
6436
6422
6420
6412
6410
6400
63chevy
6390780
6378351
636963
636234
6345
63366336
63286328
632632
6325
6322
6311
6300
629334
6292
62896289
6286
6282
6271
6246
6234
6196
6182
6181
6177
6160
615615
6155
61536153
6151
6137
6123
6122
6114
6108225
6103
609609
6095586
6030
6028
6022
6019
6018
601601
6013
6009
6002432
5td76use
5clint
59pennsy
599eidhi