5977
596444
59575153
58GREEN
5893
588588
5877
585885
58585
57ford
579579
577777
577191
5771
57595153
575859
575575
5733
5714
56chevy
569874123
5679
567666
56745674
567123
5666
5658
5647382910
56468553
56465646
564236
5611
5595
5585
5566778899
556633
556611
55558888
555566
55555t
5552
554411
553zolf21
5534
553322
55277835
55255525
5514
551255
5511
54chevy
5495
5468
546252
5459
5451
5443
5436
54322q22345
5425
5407
538538
5380
5374
53665366
5361
5346
5344
5341
5324
53115311
5310
5305
5281
5273
52545658
525352
5247
523614
522552
5218
5215
52145214
5206
5205
5196
5177
5138825
5136
5090
50694201
504504
5036
5021
501501
500705738
50005000
4wheeler
4today
4mandy
49merc
4998
4990
4984
4975
4974
4959
4925
4919
4887
4863
4857
4850
4849
4843
4837
4820
4815162342s
4811
4799
479066
4769
4763
475747
4750131
4750
47474
4743
4737
4733
4729748
4713
4700
46948530
469469
46855343
468468
4680
4668
4667
46624662
4661
46604660
46540535
46494649
4648246482
4634
4628
4624
4598
4592
4589
456870
45665
456123q
45612378
454987
45344534
4528
451384
45124512
45034503
4491
4475
447447
4467
44665555
4464
444719
4446
4445
4442
44324432
4431
4427
441122
4405
440000
4352
4351558q
4340542zx
4335
4333
4315
431431
42p37
4276
4272
4270
4269115
42674267
4254254
42514251
425087
42506
4244
4243216
42344234
4228
4214