42124212
4204life
420187
4192
418541646
4180
4168
415666
4155
4147
413413
413121
41304130
4129
4121412
40404
40124012
4005
40044004
3somes
3J8zegDo
3drcgiy6
3angels
398399
394600
3940
3936
3925
3923
3920
3916
3911
3891
3873
3866
38553855
381381
3803
3785
377377
37733773
3758
375375
373996
37133713
3713
3708
370370
3702
3696
36913691
369100
36903690
3675
3672
365850413
3651
3641
3638
3632
3626
3622
36143614
3614
3608774
3606199
3578vb
357000
3546
35403540
35353
3532
3530
352352
351472
3510
3508
3504
35003500
34lestat
3494
3465
345891670
3454051maksim
3446
34433443
3441
342434
3424
3423
3418
3408
339933
3391
338833
338338
3371
336905
3366441
3361
335566
334918
333777999
33366699
3324
3319
33133313
3312
33113311
3310
3307
3306
3304895
3299
3297
3281
3279
3277
3262
3243
3241
3229
32233223
322322
32167890
32132132
3212321
321111
3208080
3205
320000
3197
3193
3190
3186
3184
3180
3179
3177
317573
3172
3169
3168
3167
31553155
3147
3145
31423142
312400
3121013
3117
3116
31143114
311299
31122007
31122005
31122004
31121962
31121961
31121900
3111995
31108
311070
311064
31103110
31101959
31101953
310866
31081967
310779
310766
310756
31071968
31071960
31071955
3106
310571
31051959
31051954
31051952
310397
31035518
31033103
310199
310198
310172
310171
310170
310162
31012003
3082
30703070
3067
305256
3044
3024
3022
30201
301mas
301297