30128
301268
301266
301264
301260
30122004
30122002
30121965
30121963
30121957
301198
30112000
30111960
301096
301077
301074
301062
301061
30101999
30101965
300998
300978
300964
300958
300870
300864
30082000
30081957
30081952
300773
300768
30072002
300698
300655
300600
300565
300562
30052003
30052001
30051967
30051960
30051955
300468
30042001
30042000
30041953
300395
300372
300366
30036
300198
300169
300166
300165
300003
2timer
2tight
2slick4u
2seams4u
2nipples
2insider
2hearts
2guard
2ewq1
2dollars
2cool
2beornot
2b1ind2c
2974
2959446
2925
2921
291298
291295
291272
291268
291259
29122000
29121963
29121962
29121957
291197
291174
291161
29111967
29111953
291066
291065
291064
29101998
29101959
29101956
290997
290969
290962
29091966
29088
290866
290862
290858
29082001
29081960
290762
29071957
29071954
29071952
290665
290662
290599
290577
290568
290561
29052001
29051964
290461
29042002
29041954
290378
290361
290360
29031956
290264
29021952
2902
290197
29011964
29011960
29011953
28ttqaq
2899
2897
2892
2857
2827
2821
28198
2816
2813
281299
28121961
281206
281204
28118
281162
28111963
28111956
281111
28110
281074
281070
28107
281069
28102006
28101953
28101952
28091962
28091961
280866
28081957
280775
280771
280768
280766
280765
28071967
28071958
28071956
28071955
280662
28062001
28061965
28061963
280568
280563
28051998
28051963
28051956
28051952
280472
280467
280465
280460
28041999
28041957
28040
280373
280366
28032001
28031999
28031965
28031959
280296
280271
280266
280263
28021962
280170
280159
28011951
2799