279279
2788
277rte87hryloitru
2771
2756
2750
2746685
2736
2719
271297
271274
271263
27121956
271199
271175
271168
271155
27111963
271076
271066
2710198
27101965
27101962
270997
270970
270960
27091963
27082000
27081962
27081960
270798
270774
270765
270760
27071966
27071959
270698
270667
27061961
27058
270566
270562
270497
270467
270464
27042009
270366
270360
27031965
270269
270267
270265
270261
270175
270171
270168
270162
270156
27011954
27011952
2687
2685
2659
2636
2635
2623020
26222622
261986
261297
261273
261268
261200
261197
261176
261166
261160
26112611
26111999
26111954
261071
261063
261061
261056
26101999
26101956
26101954
260993
260964
260963
26091962
26091960
260896
260876
260870
260865
260864
260855
26081956
260796
26071987m
26071957
260666
260660
26061954
260597
260568
260566
26052007
26052001
26051966
26051961
26051957
26042002
26041959
260399
260369
260363
26031960
26031959
26031953
260297
26021961
26021955
260197
260195
260171
26012010
26011953
260000
25or624
2594
2591
2585
25844125
258369147
258079
2580369
258013
2576
2571
2565
25632563
25502550
25456585
2538
253425
25242524
252025
251995
251992
251987
251982
25198
25152515
251268
251260
251258
25121967
25121959
25121955
25118
251172
25111959
251106
25110
25107
251063
251062
25102001
251000
250997
25092001
25091963
25091955
250899
250898
2507905048
25078
250764
250763
250762
25072002
25072001
25071955
25068
250674
250671
2506198
25061962
25061958
250567
250559
25052002
25051958
25051950
25049
250475
250471
250468
250466