250399
25038
250355
250308
250298
25011948
24992499
24842484
2483
2481
24802480
2474
246888
246812
246789
2454240
243546
2432
2424242
2420
241971
241963
2417
2413
241270
24122004
24121959
24121958
24121954
241171
241168
241167
24112411
24112001
24111997
24111960
24111959
24111956
241070
241068
241065
24102001
24101956
240972
240965
240954
24091963
24091956
240856
24081962
240799
24072002
24071966
24071962
240703
240700
240660
24061958
240564
24052002
24051998
24051965
24042003
240373
240370
240361
2403082
240298
240268
240267
240266
240257
24022402
24021959
24021958
240199
240156
24011950
239133
23802380
237241
2370
23682368
2368
2354381
234678
234589
234548
23352335
2335
23267601
23262326
231982
231976
231965
231298
23128
231265
231263
231260
231256
23122008
231167
231158
23112007
2311198
23111957
23111956
23102007
23101966
230959
23091999
23091963
23091956
23091954
230895
230873
230870
230867
230866
230860
230850
230798
230755
23071999
23071955
230661
23062006
23061967
23061954
230561
23052003
23051960
23051900
230505
230495
230468
230456
230454
23041962
230398
230371
230362
230359
23031960
230303
230250
23021959
23021958
230199
230174
230156
23011952
230103
2297
2289
22882
22872287
22752275
2271
22622262
225577
225566
22532253
22512251
2244668800
2239
223300
2231
22302230
22292229
222333444
222324
22232223
2222223
221982
22198
221963
221941
221433
221296
221269
221261
221258
221255
22122002
2212198
221198
22118
221169
221167
221159
22112003
22111965
22111953
221092o
22107
221069
221066
22101999