22101954
22101953
22092007
22092002
22091958
220856
22082208
22082003
22081999
22081964
22081959
22081956
220808
22071962
220700
22067
220661
220660
22062001
22061951
220571
220559
22051957
22051955
22051954
22051952
220471
220469
22041955
220400
22032203
22031955
220302
220269
220267
220264
220260
220259
22022202
220222
22022001
22021956
220205
220197
220167
22012001
21qazx
2198
21937
2174
217217
2159
215455
21382138
213546
21342134
21324354
21292129
212222
212136
211991
211987
211297
211266
211265
21121961
21121
21118
211170
211166
211158
21112
21111999
211096
21101965
21101960
210994
210970
210963
210897
210866
210860
210857
210765
21071962
21071956
21071955
21070
21067
210661
21061965
21061959
210597
210557
21051953
210404
21037
210366
210363
210362
210354
21031957
21031956
21031954
210269
210261
21021963
21021958
21021955
210200
21019
210170
21012003
21011952
21011
210101
20seats
2084
207207
2072
2065
2059
2058
2038
2037
2035
2027
2026
202021
202020a
202010
20201
202
201994
201984
2017
20128
20127
201262
201255
20121997
20112001
20111959
201074
201058
20102010ss
20101963
20101960
20101956
20098
2009198
20091955
200872
200864
200863
20081958
200808
200805
200798
200762
200761
200674
200670
200664
20061957
200599
200598
200594
200567
200561
20052008
20052003
20051961
20051955
20051953
200465
200464
200455
20042008
20041958
200373
200369
200360
200359
200353
20032004
20031999
200255
200251
20021954
200197
200153
200010
1z2z3z4z
1Yankees
1Wizard
1Walter
1Viking
1vette
1Tucker