197708
197707
197706
197704
197666
197631
197630
197624
197622
197577
197525
197503
197444
197428
197425
197407
197382
197333
197330
1973197
197313
197312
197304
19722791
197221
19722
19721975
197212
19711972
197106
197071
197070
196999
1968gto
196888
196878
196827
19677691
1966gto
196464
196312
196011
195819
19577591
195111
19450509
19374628
193746
193711101994a
193333
19291929
19241924
19216803
192021
191983
191981
19198
19181716
191765
191274
191272
191270
191268
191255
19122001
19121956
191178
191172
191171
191164
19111998
19111968
19111957
19111953
191093
191084
191080
19101999
19101958
190994
190992
190975
190973
19097
19092000
19091955
190898
19088
19081961
19081955
190797
19078
190775
190765
19071961
190697
19068
190666
190660
19062002
19061955
19061906
190573
190569
190564
190500
190495
190492
190478
19041961
19041957
190372
19031968
19031952
190272
19021957
19021952
190200
190197
190175
19011953
1890
1883
187666
1873
1866
18571857
18481848
1844
1838
1834
1831
181972
1816
1815
181259
18121945
181204
181180
181178
181171
181161
18112005
18111959
181097
181092
18101959
181000
180996
180972
180966
180964
180962
180869
180861
180859
18082003
18081962
18081956
18078
180773
18072001
18071959
18071957
18071955
18071950
180674
180668
180667
18061955
180594q
180566
18052002
18051964
18051956
18051955
180465
180458
18041959
18041958
18041957
18041956
18041954
18041953
18040
180372
18036
18031957
18031954
180270
180262
18022001
18018
180170
180164
180158
18011962
18011959
18011801
1792