1790
178353
178178
1778397
17631763
175175
1743
1741
173468
1731
17308913
171991
171272
17121962
17121951
17121950
171198
171166
17111966
17111960
17111958
171097
171075
171073
171068
17101958
17101955
170996
170966
170962
170961
170957
17092002
170897
170870
170869
170867
170778
170771
170765
170763
17072001
17071965
170698
170667
170664
170663
170660
170568
170464
17042004
17041962
17041956
170399
170398
170371
170368
170363
17032005
17032000
17031962
17031960
17031949
170268
170257
17021955
1701ab
170175
170165
17012001
17011968
17011959
17011950
170100
1697
1693
167349
1673
166166
16611661
1658
1653
165165
1645
1642
162636
16261626
16251625
1622br
16201620
161988
1616161
161422
161296
16121999
161197
161166
161123
16112002
16112001
16111969
16111965
16111956
161111
161097
161062
161061
16101959
160999
160998
160996
160968
160967
16092001
1609198
16091964
160768
16071969
16071963
16071956
16071952
160672
160667
160666
160662
16066061
16062006
16061959
16061954
16052002
16052001
16051966
16051959
16051957
160474
160473
160468
16042003
16038
160371
16032007
16032002
160298
16028
160268
160260
16021962
16021960
160196
160156
16012003
16011955
15gtha
159874123
15987
15975382
159753258456
159741
15951595
1595159
159515
1594
159357z
159357s
159357lik
159357159357
1593
159265
159263487
15801580
1576
15701570
1568
1549
153828
15357595
15351535
153045
15263748
15251525
152121
151976
15141514
151268
151267
151262
15122001
15121953
151175
151169
151157
15112006
15111961
15111959
151098
15102003
150962
15091960
15091509
150901