150875
150870
150869
150866
150862
15082002
15081999
15081952
15071962
15071955
150706
15069
150671
150669
1506164
150607
150568
150566
150565
150562
15051999
150499
150473
150463
150459
15041961
15041958
150398
150366
150360
15032000
15031949
150269
150264
15021958
15021950
150194
150171
150164
150163
15011958
15011956
15011952
14bestlist
149149
1488ss1488
1485
1478963215
147258369q
1467
14581458
145263
14311431
141994
141982
141979
141973
141274
141254
14121998
14121963
14121958
141214
141197
141173
141169
141161
14112001
14111997
14111966
14111959
141098
141073
141066
14102006
14102003
141000
140997
140996
140973
140971
140967
14091966
14091951
140898
140867
14082007
140774
14071965
14071956
140699
140672
14061955
140567
140565
140559
14052001
140497
140464
14042003
14042001
14041965
14041954
14041404
140375
140369
140367
14031969
14031956
14031955
14031953
140266
140257
14021956
140206
140196n
140167
14012002
14011960
139713
1395
13881388
137900
13761376
1368
13671367
135qet
13551355
13467913
134500
1340cc
13401340
1337ness
13377331
1334
13271327
132639
13243
132321
132132132
132123
131313a
131313131313
131264
131259
13122008
13122006
13121959
13121957
13121954
131196
131176
131156
13111957
13111311
131063
13102006
130964
13092008
13092006
13091963
130858
13082001
13081308
13078
130773
13072006
13071967
13071964
13070
130663
13061967
13061961
13061957
13061954
13051969
13051952
130499
130465
130455
130398
130371
130363
130358
130355
13032002
13031999
13031951
1302alex1994
130265
130258
13021959
13021957
13021100
130175
13012005
13012002
13011958
12qwer34
12many