12gauge
12ab34cd
12891
1286091
128256512
12781278
127777
127562
127549
127486
127001
125712571257d
12567
125555
12533
125125125
1245780
12441244
123zxc456
123yfcnz
123wert
123to123
123qwerty456
123qwe45
123qwe4
123qazwsxedc
123pass
123iop
123go
123ddd
12391239
123789a
123789852
123654123
1236540
1234zx
1234r
123490
12345zzz
12345zxcv
12345www
12345six
12345M
12345lox
12345love
12345ira
12345den
123456oe
123456az
1234567g
1234567e
1234567aa
12345678n
123456789Z
1234567899876543
123456789123456
123456789101112
1234567890l
1234567890g
1234567890123
1234567812345678
123456654321a
1234562
123442
12344
123434
1233456
123321v
123312
12325
123164
123160
123154
123123qw
123_123
12311994
123070
123061
123056
1230456
122977
12291229
122779
122757
122699
122566
122491
122477
122470
122400
12234
122087
122071
122001
121971
121969
121959
121881
121880
12182
121783
121774
121695
121586
121581
121576
121478
12141
121357
121351
121314a
12131415q
12127
121264
12122007
12122006
12121956
12121313
121198
12116av
121156
12111948
12109
121062
12101962
12101960
121004
120971
120958
120956
120934
120867
120864
12081957
12081956
12081953
120803
12078
120763
120748
12071954
12071953
120667
12061959
120599
120566
12051960
12051956
120455
12041952
120405
120366
120364
12032000
12031955
12031954
120271
120266
120258
120254
12021959
120208
120171
120164
120156
12011958
12011951
11eleven
11921192
11791179
117463
11711bbl
116611
11561156
115500
11461146
113611
11339977
113366
113344
113300
11321132
113082
112879
112790
112683
112674
11261126
112611
112568
112566
11251983
112470
112467
112396
112321
112300
112290
112282
112277