112268
11226
1122112
112181
112178
11215
112131
112011
111991
111968
111958
111674
111555999
11151115
111376
111354
11131113
111251
111234
11121964
11121957
11121956
1111zz
1111qqq
111141
11111956
11111948
111111v
111111d
11111111q
1111111111111
111110
111095
11101110
11101
110998
11092000
11091955
11091109
110902
110901
11088
110853
11081955
110806
110801
11078
110768
110765
110757
11072008
11071999
11071961
11071956
11071954
11071107
110707
110666
11062009
11061951
110567
110559
110469
110461
110455
11041960
11041958
110397
110395
110370
110354
11031958
11031953
11029
110265
110263
110258
110168
110157
11012002
11011956
11011954
1100101
110000
10xby49k
10toes
10904
1071988
10617906
105400
1051983
1047977
1038
103099
103050
103030
102969
102767
102680
102583
102571
102570
102503
102484
102473
102399
10236
102300
102294
10221022
102200
102178
102171
102101
102081
102070
101abn
101977
101967
101962
101949
101886
101818
101781
10166
101579
101566
10152417
101489
101400
101298
101261
101260
101253
10121960
101219
1012010
101162
101153
10112001
10111950
101110
10107
101054
101048
101025
1010198
10101962
10101010m
101006
10098
100960
100955
10092009
10091954
100896
100873
100872
100871
100854
100844
10081999
10081955
10081954
10080
100769
100761
10072003
10071959
10071956
10071955
10071954
10071949
100705
100658
100655
10062006
10062001
10061955
100605
10058
100563
100560
10052001
100468
10042010
10042008
10042000
10041957
10041954
1003198
10031950
100297
100264
100257
10022007
10022006
10021956
10021955
100199