100163
100161
100156
10011959
100106
0wnz
0995359291
0987654a
0981
092002
091986
091979
091878
091865
09141974
09140914
091295
091278
091265
09121961
09121957
091199
09111998
091067
091064
091057
09102001
09101999
09101960
090998
090973
090967
09092006
09091966
090895
090893
090865
090862
090861
09081958
09080908
090776
090775
09072000
09071957
09071953
090708
090676
090666
090664
09061958
090573
090568
090555
090494
090469
090371
090364
09031968
09031965
09031957
090282
090279
090274
090265
090264
09021955
090199
09011969
09011955
0899
0898
089089
0890
0881
08800880
0878
0852123
082280
081989
081983
081980
081299
081270
081260
08121958
081173
081096
08101997
080968
080967
080962
08092001
08091961
08091954
08090809
08088
08081956
080800
08072002
08071959
080700
080665
08061960
080597
080566
080559
080474
080471
080468
08042000
08041960
08041959
080369
080368
080367
080362
080361
08031949
08031947
080270
080268
080252
080250
08022001
08021956
080195
080176
080169
080167
08011958
08011954
0789
0771
077077
0768
0747
0735
072000
071956
071377
071297
071271
071266
071265
07122006
07121965
07121956
071203
07111967
071095
071094
071093
071091
07101961
07101956
070973
070967
070962
07091959
070874
070862
070859
07082004
07081953
070798
070796
07072001
070679
070669
070667
070666
07061964
07061955
070608
070575
070573
070571
070569
070565
070562
07051968
07051952
070499
070495
070464
07042001
07042000
07041955
07031969
07031967
070297
070278
07021958
07021957
07021954
070191
070175
070171
070162