07012006
07011963
070105
0700
069069
0668
0663
0658
062270
062197
062182
062098
062000
061986
061975
0619326
0618
061675
061398
06121958
06121955
061189
061168
06111965
06111956
061094
061074
061070
06107
061068
06102001
06101956
060974
060972
060968
06091964
06091953
060872
060861
06081962
06078
060772
060770
06071987a
060707
060656
06061999
06061952
060578
06051956
060496
060468
060466
060460
060453
06041962
06032002
06032001
06031966
06031959
060260
06021957
060193
060174
060173
060164
060154
06011959
06011957
06011956
0595
0593
0576
0553
053180
052982
052299
052066
051901
051287
05128
05121998
05121968
05121955
051174
05117
051165
051161
05111999
05111953
051097
051075
051068
050999
050996
050970
050965
050960
050952
05092008
05091999
05091965
050902
050870
050857
050853
05082001
050799
05072005
050708
050698
050668
050666
050655
05062007
05061966
05061959
05061954
050602
050596
050568
050557
05051951
050506
050503
05050
050471
050469
050468
050464
050463
05042002
050369
05032002
05031963
05031961
05031955
05030503
05021960
05021952
050192
050165
050160
05012005
05012001
05011957
05011952
05011949
0493
0473
0467
0458
0457
0455
0440
04300430
042269
041976
041974
041278
04121960
04121955
04121953
041194
041172
04111957
041071
04102001
04101956
040972
040969
040959
040958
04091966
040896
040864
040861
04082003
04082001
04081954
040807
040799
040798
040774
040671
040666
04061964
04061961
04061959
040596
040570
040498
040463
040450
04042001
04041999
04041954
040362
04031958
04031953