040289
040280
040272
040271
04021964
04021957
04021955
040200
040193
040166
040165
040162
040161
04011956
04011952
040100
03690369
034725
033314
0325tj
032068
032002
031986
031978
031966
031956
031294
031267
03121967
03111967
031097
031093
031063
031031
03101969
03101954
030999
030996
030970
03091953
03091952
03082001
030800
030764
030755
03071999
03071962
03071960
030697
030695
03068
030671
03061966
030598
030570
030562
03051963
03051951
030459
03041955
030397
030377
030362
030361
030360
030358
03032006
03031956
030306
030260
03021958
030199
030179
03012010
03011962
0299
0281
0261
0254
0238
0237373
0237
022771
022595
022465
022382
022275
022000
021985
02140214
021365
021261
02122001
02121963
02121959
021169
021167
021165
021161
02111999
02111996
02111956
021102
021098
021066
02102010
02101962
020974
020972
020967
020966
020958
02092002
02091967
02091957
02091956
02091954
020873
020852
02081965
02081949
02080208
02078
020765
020762
02071952
020667
02061958
02061955
020607
02052003
02051955
020498
02042011
02042010
02041955
02041954
020406
02040
020399
020366
02032004
02031958
02031957
020305
020302
020266
02022001
02021947
020208
020194
020170
020164
020160
020152
02012008
02012002
0200
019026
0178
0176
0173
0172
0170
01530153
0147258
0146
0142
012870
01240124
01233210
012170
012081
012001
011298
01128
011267
011254
01122011
011197
011179
011167
011156
01112007
01111959
01111958
011087
011075
011071
011060
01102001
01101953
011010
010998
010966
010965
010964
010962
01091962
010906