blue23
blue11
blitz
billbill
betsy
benny1
beau
beatles1
baura
barney1
barefeet
ballsack
bagpuss
backbone
ass
asasasas
apollo11
amature
altoids
abracadabra
963258
848484
765432
595959
456987
333555
31101991
31081989
31051986
31011985
30101987
30071992
30061989
30061985
29121988
29121984
29111987
29081987
29081982
29071986
29051987
29041987
29031982
28071984
28061985
28051988
28041988
28021989
27101989
27101987
27091983
27061990
27051991
26121987
26111984
26051990
26041988
26041983
25091992
25081987
250588
25051989
24041990
23091982
23071986
23061985
23051984
23021991
22446688
22091987
22091985
22061991
22051990
22041991
21121988
21091990
21071990
21071985
21041990
21021986
20101986
20072007
20061980
20051986
20021991
20011987
19071983
19021985
19011985
18061987
18061986
18011984
17121986
17111988
17031992
17021986
16111989
16061990
16011991
16011985
159263
15121985
15111986
15031987
14101991
14101983
14051987
14041991
14021991
1331
13081987
13071991
13061990
13031991
1237895
1222
1218
12121984
12101986
12091990
12081986
12041987
1111qqqq
11061988
11051989
11041987
11041986
11021990
1021
10101991
10081991
10021983
09876
09101985
09051990
09011990
08111983
08071986
08061986
08031988
08021989
07021987
06091989
06081988
06081986
06071984
06061990
06051987
06031986
06021989
05101984
05061983
05041986
04081985
04061990
04061988
04051987
04021985
04011990
03121986
03101985
03061984
02081975
02031970
02021977
01051987
01041989
01031980
01010101
zoomzoom
zerozero
yyyyy
wwwww
womans
vides
ulysses
turbos
trustno
trigun
trek
trash
toomuch
tonton
titfuck
tiamat
sweeps
surgery
suede
stiletto
starwars1
spleen
spark
skirt
sharpe
sexybitch
sextoy
sephiroth
riffraff
rhubarb
rhinos