98ford
98camaro
989796
988998
987654321m
9876543211
9876543210q
987651234
98654
986532147
9847
984500
982345jjh
9808
9796062
9754
975311
9753
971044
9700
96realit
96969
966996
9666
965874
963963963
9631
9630
9601
956874
9555
9544
953359
9517530
9516
9515
951478
95123
9501
9500
9477
9463
9456
9455
9438
9420
9411
94038057
93CBR9RR
9398896
9390
9378
9369
93499349
9331
930000
9294
9293709B13
9293
9277
92683028
9264
923650asdfghjkl
920920
92039203
91929192
9190
9180
9179
917701
9175
9155
915161
9130
91111111
91111
911000
9106
910216
9097
90911847e
9091
9080
9078
9065
90099009
900990
8-Oct
8mlzimzslmjf
8j4ye3uz
8hGy16vqvQ
89790089
897897
8951
89218921
89183891205
89108910
89105249698
891011
8901
88chevy
889977
889966
88978897
8897
888888889
8882
8879
8878
88698869
8864
8861
8859
88552
8852
8850
88388838
883883
88324277
8825
8818
8802
8795
8791
877877
8765435
876543210
8751
8745844
8726
8721
8683
8674
8663
865865
86543
8629
8592
8586
8572
8569
85418541
852789
852456852456
8524
8520258
85128512
8511
849100
8469
8462
8448
83838383
8366
8356
83447891
8338
8320
8310
8306
8303
8301
8265
8256942
8224
8208
8180
8171
8170
8160
814218
8136
8117
811222
8108
8105
8101982
8101
810000
8100
8081
80503722372
80502542102
8045
8038
8019
801111
8005
7uzjkk
7sombass
7jk5q2sl1
7inheels
7dragon2
7a4b1c8d
79djoe97
7973637
794613825
79461
7923
7913