crap
corner
copenhag
cook
cola
cocoa
clever
cleveland
civilwar
chess
chemist
cashflow
care1839
capitals
cantona7
budd
bowl
bong
boners
blunts
blobby
biohazard
bigtruck
bigjohn
bellagio
belkin
beach1
bama
baby123
auckland
athome
asswipe
anonymous
amiga
allday
alexi
admin1
acapulco
Aa123456
8inches
741258963
69camaro
5432
31071986
30071983
30041988
29101992
29091990
29071988
29041990
29031983
28121988
28121987
28121986
28081985
28061984
28041991
28041986
28031990
28021984
27121988
27051984
27041987
27021986
27011985
27011983
26121985
26121984
26091985
26021990
26011989
25091984
25041984
25041983
24121990
24121984
24101987
24011989
24011986
23071988
23021987
23011992
2212
22101988
22091983
22081990
22081985
21071986
21071983
21061987
21051989
21051983
21011986
20121985
20111984
20071985
20011985
19101989
19101982
19081991
19031990
18081989
18051982
18041988
18041983
17111989
17111982
17101991
17091991
17051993
17051991
17011986
17011985
16081985
16071986
16061984
16021982
15121989
15111987
15111985
15101983
15081984
15041983
15031984
14101989
14081986
14061985
14031985
13121990
13111986
13111985
13101990
13101985
13081988
13081982
13071992
13051991
13051988
13041991
13031992
13031990
13021992
1234qaz
123456g
12345677
123456123456
12061990
12061984
114477
112233445566
111aaa
11101990
11081985
11081984
11081983
11031991
11031990
11031987
10121991
10121989
10111983
10071991
09051983
09031991
08091988
08081985
08031991
07031988
07031985
07011989
06111984
06071988
06071985
06031988
06031984
05121985
05121983
05101986
05061987
05051988
05051980
05021989
04121987
04121986
04051990
03101983
03081984
03021982
02101982
02101974
02091979
02091974
02071991
02071974
02021974
01111990
01091984
01071989
01061985
01041981