791017941s
7908
78ford
78997899
7896541230
7896321456
789456q
789456321
78912
78877887
7882
7881
78777877
7876
78678678
7865
78647864
77vette
7796
77889900
777788
77777a
777778
7771777
7768
776633
776466
7756
7752
7750
7746
7734hell
772b31j1
7725
7710
7701
7694
76767
76737673
76657665
7659
765567
7615
7581
7569
75505
754754
7547
7539514862
75395146
753319
7516
7513
7497
7494
748748
7471515
746746
7463
745896
7437
7431
7428884
7426
741953
741852369
741456963
7410258
740740
7406
73nova
7397
7395
737811
7370377
73697369
7358
7347
7341
73377337
7323503
7322
7320
7318
731731
731111
7304
7296
7291
7282
7278
72777277
7276
724215
723723
7235
7228
72275
7225
7224
721721
7217
7215
7209
7204
7189
718718
7180
7178
7167
7161
7148
7145
7141
714000
7127
7126
712345
7121
7102
70chevy
70camaro
7090
708565
7050
7025
7013
6y7u8i9o
6tref5mn
6seven
6pack
6mite6a
6letters
6dayrun
69me
69mach1
69lover
69isfine
69eyes
69camero
69Camaro
699699
6995
6993
6989
696900
696869
696669
69556955
6950
6925
6919
6916
6911elias
69116911
68mustang
68910424
6882
6877
6852
6845
68426842
6820
67shelby
67qw76
678900
678876
678752
6775
6770
676676
671775700
6717
6712
67116711
66ford
6692
6679
666kkk
666beast
666777888
666666k
6664
666133
6659
66556655
6654
6645
664466
663322
6629
6623
6616
65stang
6581
655655
654321v
65432100
65222a
651457