6505
6502
64yt86td
64impala
6494
6477
6468
6466
6465
645645
6455
64536453
64526452
6451
6446
6444
6442
643typt
643500
6434
6431
6427
641964
6419
6401
6373
6371
6370
6365
63636
6347
633436
6332
632469444
6321
6320
631000
6305
6299
62892086
6269952
6245
6244
6239
6237cb
6237
623623
6232
62266226
6212
6208
6203
6202
620000
6200
6187
616616
6164
61636163
6163
616263
6147
6125
6121989
61069
6106
60abcd
6084
606355
6063
6050
6047
60116011
6010
6006
600009
5UpufEru
5times
5px
5par1an
5n8bb4
5five5
5dhgBQM
5989
5975
5966
5954
5923
5903
5901
589632147a
589589
58855885
5875
5868
5863
5862
5845
5825
5823
5816
5804740
5800
57915791
5777
5728
5715
5707
5702
5700
56red56
5699
569874
568100
567gh9o
567891
567482
565565
5650
564231
5638
5632
562562
5623
560888
5608
56000
5599
5589
558822
5579
5576585
5576
5572
556556
555qwe
555ali
555911
5558
555777999
5556677
55555v
55555n
55555aaaaa
555555555555555
555554
555550
555511
55512345
5550
553zolf2
5536
5532361cnjqrf
5528
552411
5520
5518
5516
551551
5509
550055
5499
54975497
549549
5488
5475
547244
546372
54615461
54585652
5445424
5444
5443311
5439
543345
543333
54325
543212345
54205420
540000
536128
53555355
5354
5352
5349
5348
5338
533533
5330
5327
5325688
5322
5318
5317
531531
5315
5312
531111
5303857
5303