530000
5297
5290
528528
52645264
526300
5261
52565256
5250905
5236987410
52335233
52245224
521969
5216
52155215
52105210
520000
5195
5194
518518
51805180
5168999
5160
5159
5155
5153
5150ou81
51500812
5147
51455145
5143
5135
5134
5132
512512512
51235123
5121985
5121926
51215121
5117
5100
5092503
5082
50810
5066
5060
50518442
5039
5037
5021993
500postov
4twenty
4lovinu
4fenians
4e22wq1
499960053
4994
4980
4978
4970
4966
4956
495495
4941
4939
4915
4910
4905
4895
4889
4884
4879
4878
4871
4864
486153
4856
4839
4832
48244824
4815162342x
4813
4803
48014801
4779
4776
4773
4764
474849
4746
4741
4739
47334733
4723
4720
4715
47110815
46914691
4672
46709394
4655
4649
464842
4620
4611
4607
460000
45rtfg
4587
457457
4574
4571
4570gov
456781
45654
4563554
456123456
45514551
455092
454546
4540
4529
452452
452369
452345
45204520
45169430
4516
45144514
4499
4495444
4484
447744
4465
4458
44524452
4450
4444zippy
444445
444444a
443443
442563
442442
4419
44144414
440mag
440684
4391634m
4388
4383
4378
4374
4368
4362
4354
4353
4351
4347
4342
4337
432977
4325
432199
4318
4317
43046721x
428scj
4286
426813795
42584258
425398
42534253
424ads
4232
42314231
4230
4219
421212
420time
4207
42000000
4191
4182
4176
417417
4170
41414
411626
411111
4099
4095
409409
409122
4082
40774077
4070
4062056totoot
40604060
4054
4048