4041
403403
402791
40190721
40114011
3rivers
3rdbase
3px
3h2po4
3edcft6
3are4ka
3978
39713971
3969
396375
39631491
39539577
3949
3941
392hemi
3915
3914
3908
390625
3905
3904
3885
3882
3879
38659243
3862
3853
3846
3830
382438
3817
3800
3791ha
379177
3789
3775
37693769
3768
3759
3753
3751
37213721
371957136
3714
3705
36933693
36925
3691215
3681
367892137
3678
36669666
366366
3653
3646
3644
36251
362253199
3617
36113611
3608
359359
3590
3577
3576
3571
3564
3556
3554
35533553
3550
3546644
3542
353637
353353
3525
3521784
352100
3516
3515
351218
3512
3511
3507
3506
34ford
3491
3485
347347
3470
3466
3456849
3452
3440006
3432
34173417
3403
33963
3385
3382
3381
3379
3378
3372
3359
3350
3346
3345MB
33445
33443344
3340
333456
333444555
33336666
333333333333
332266
33221100
33212556
33173317
32ford
3297375
3291
32643264
3264
3258763
32547
3249
32413241
3239
3237
323456
323152
3227569
3225
3224
321qwe
321777
32158900666
321321o
321098
321020
321
3204
32013201
31959243
3188
31723172
3169cwd
31643164
3163
3162
3154
3144
3141pi
3.14159
314151
3134
31333133
3129
3122
3120
311992
3119
31169
3114
311297
311266
31121964
311072
311063
311058
31101998
31101949
31100
3109
310871
310868
310867
310862
310860
310855
31082007
31082006
31081957
310795
310764
310762
310755
31072010
31072000
31071959
310707
310598
310588m
310567