310564
31051953
310505
310399
310396
310362
310358
310172431
310167
310163
310161
310156
310155
31011960
31011952
31003
3060
3042
304106
303909
303266
3030303
30300919
302000
301979
3019
301661975
3015
301299
301298
301270
30126
30122000
30121961
30121960
301165
301161
301159
30112007
30112001
301066
301065
301064
300cgfhnfywtd
300997
30092010
30092004
30091957
300873
30087
300861
30081960
300798
30077
300769
30071999
30071969
30071962
30071955
300651
30061999
300601
300561
30051959
30051956
300462
30041966
30041965
30041956
30041952
300400
300365
30031954
3002
30018
30011957
30011900
3000000
2wsx2wsx
2w4wzw
2trees
2shoes
2q2q2q
2puppies
2okrate2
2nd2none
2n3055
2muchfun
2monkeys
2lomax00
2kz87euf
2horny
2hooters
2guitar6
2fast4you
2dise7
2canchew
2blue2
2bhot
2bfree
2b2b2b
2a1h7n
2995mt
2969
2967
2947819540
2947
2933
2922
291989
2918
291297
291271
291264
29121966
29121958
29121956
291198
291171
291163
291160
291157
291099
29108
291067
290960
29091961
29091957
290868
290865
29082003
29081954
29081952
290808
290761
29072005
29072001
29071967
29071959
29061965
29061952
29061949
290560
290499
290494
290470
290465
29042001
290369
29031958
29031957
29031954
29031952
29031947
290296
290268
290198
290173
29012000
29011962
2891
2881
28682868
2863
2850
2846
28401LosAli
2838
2837
2835
2833
28272827
2825
281996
281980
281979
281978
281972
281967
281267
281259
28121964
28121960
28121958
281167
281164
28111966
28111957
281099
281097
281066
281058
28102005
28101957
28101951
281006
280997
280996
280959
280957