28092002
28091956
28091954
280897
28087
280868
280863
280860
28082002
28082001
28081955
280808
280799
280797
280759
280756
28072008
28072003
28071964
28071961
280700
28061957
280608
280564
280562
280561
280504
280457
28042003
28041998
28038
280370
280357
28032002
28031955
280277
280268
280267
280262
28022011
28021951
28021950
280199
280169
280165
280162
28011955
28011954
2783
2768
2751
2726
272272
2721
271989
271298
271269
271262
271261
271257
271254
27121964
27118
271166
271165
271164
271163
271161
27111959
27111954
2710dnk
271073
27101999
27101956
27101955
270951
27091968
27091965
27091957
27082010
27081957
27081955
270764
27072010
27072007
27072001
27071957
27071953
270697
27068
270675
27062003
27061999
27061963
27061959
27052008
27051999
27051993My
27051955
27048
270462
270455
27031955
270304
270299
270298
270296
27028
270266
270262
27022002
27021954
270165
270164
270160
27011958
26o15ya
26922692
2692
2673
2671
26632663
265asd
2649
2647
2641
2637
2631
26282628
26272627
2625
261989
261987
261982
261977
261973
2617
2614
26122001
261196
26118
261164
26111950
26109
261062
261057
26102610
26102007
26102000
26101962
26101950
260998
260997
260973
260968
260962
260961
26092002
26092001
26091959
26091953
260863
260860
26081952
260805
260799
260775
260772
26077
260766
260708
260668
26062002
26061967
26061955
26061952
260606
260558
260555
260554
26051953
260501
260498
260466
260463
260398
260358
2603198
260261
26022001
26021962
26018
260172
260169
260163
260161
260159
26011959
26011951
260100