25972597
258963147
258
25792579
2577149g
25612561
2561
25562556
2554901a
2546
254500
25402540
253545
253411
25332533
25312531
25282528
251991
251986
251984
251980
251977
251976
251975
25192519
25172517
251264
251262
251261
25122512
25122009
25122008
25121957
251198
251165
251161
25111953
251097
251088118
25108
251064
251058
251025
25101963
25101955
251010
250959
25092009
25091956
250896
25082006
25081966
25081960
25081957
25081955
250806
250800
250798
250765
2507589
250755
25072000
25071954
250707
250665
250664
250663
250657
25061955
25061951
250598
250597
250563
25052001
25051957
250499
250450ps
25041955
25041953
250396
250366
250359
25032503
25032002
25031957
250296
250271
250270
250260
250257
25022502
25021958
25021957
25021953
250167
250159
250155
25012005
25012002
25011958
25011957
25011956
250109
24seven
2497
248600
2474488
247388
24689753
2468246
246531
2459
24502450
24482448
24465649
2446
2443
24362436
242628
242624
242242
242
241986
241969
2419411945
241298
241262
241258
24121999
24118
241173
24117
241165
241156
24111965
24111962
24111958
241099
24102000
2410198
24101957
241007
241000
240955
24092409
24091999
24082001
24081954
24078
240765
240764
24071956
24071951
240663
240661
240657
24061968
240599
240598
24058
240557
24051963
24051957
24051952
240505
240498
240462
2404198
24041963
24041954
24041951
240399
240359
240358
240357
24031954
240303
240262
240240
24022008
24022006
240198
240166
240161
24011958
24011955
24011951
240109
240100
24002400
2396
2373
2372
236589
23652365
23642364
2362
2358181
235813
23568