235571
23502350
234wer
2349
2346
234589frendz
234567890
234423
234234234
233434
233322
23282328
231985
231984
231980
23198
231979
231977
23182318
231272
231258
23122312
23122004
23121956
231200
23120
231197
23119
231162
231154
23112002
23112001
23111963
23111960
23111959
23111953
23111951
231099
231060
231057
23102003
23101955
23101952
230998
230971
230966
230961
23092002
23091955
230898
23089
23088
230869
230868
230862
230858
230856
23081959
23081955
230803
230799
230773
230766
230764
230761
230760
23071959
230668
23060
230599
23057
23051957
23051955
230499
230472
230470
230469
230464
23042002
23042000
23041964
23041959
23041956
23041954
230404
230399
230365
230364
23032010
2303198
230298
23028
230268
230259
2302198
23021957
23021954
23021953
230200
23018
230170
230161
23012301
23011958
23000000
229222
2291
228gfgbhjcbv
226666
2264559
226226
22582258
22553137
2253
22502250
2249
2247
22462246
224499
22448866
224477
22424672
2237383
22372237
223308
222224
222222q
22222222222
221979
22162216
22122009
22122003
22122
22121999
22121954
221204
22120
221171
221157
221155
221150
22112002
221098
221071
221064
221060
221058
22102210
22101957
22101956
220998
22098
220972
220965
22091959
22091954
22091949
220898
22088
22087
220860
22082010
22081998
22081958
22081953
220765
220745
22072008
22072003
22069
220659
220658
220654
220650
22061956
22061955
22061954
22059
220565
220563
22056
2205198
22051962
22051958
220509
22048
220467
22046
220459
220407
220397
220365
220362
220361
220265
220261
220221
22021998
22021953
2202014