220200
220198
22017
220166
220164
220156
22011960
22011957
22011950
21fghtkz
21d1sfear
2181
2167
2162
215555
21522152
214410441
214410418
214211
21412141
213555
2135
212224
211969
21192119
211296
211256
211233
21122005
21122003
21121999
21121958
211163
211161
21112901
21111958
21111947
2110SE
211097
211071
211066
211055
21102007
21102006
21102001
21101963
21101956
211011
211000
210997
21098
210965
21092002
21091956
21091955
21087
210863
21081999
2108198
21081965
21081957
21081955
21081954
210806
210799
210761
21072002
21071957
21068
210670
21062008
21061956
210606
21060
210567
210560
210558
21052001
21051961
21051957
210505
210460
2104199
21041959
21041954
210407
210397
210358
21031951
21031950
210271
210268
210267
21022008
21021999
21021957
21021952
21018
210166
210155
21011957
21011951
2087
2078
2066
2064
206206
2034
20212021
20212
201997
20197
20162016
2016
201297
201268
201267
201265
201263
20121953
201171
201162
201159
201152
201122
20112012
20112007
20112006
20112003
20111956
20111953
201100
2010ujl
201099
201097
20109
201050
20102005
20101965
20101957
20101955
20101954
200971
200964
20096
20092003
20091964
200871
200869
200868
200862
200861
20082002
20082001
20081962
20081959
20081955
200819
200807
200803
200797
20071958
20071956
20071954
20069
20067
200662
20062008
20061956
20061954
200606
200560
2005199
20051956
200497
200463
20042007
20042002
20041953
2004-08-
200397
200367
200361
20032007
20032006
20032005
20032002
20031949
20030
2002wrx
200294
20022007
200220
20021957
200163
200160
20012007
20011950
200102
20002001