198814
198765
19872
19871983
198714
198713
19871109
198706
198704
19862009
19861989
198515
198506
19845150
19842008
19841988
198417
198410
198320
198318
198314
198304
1982gonzo
198224
198218
198212
198112
198109
198102
198030
198028
198027
198021
19802004
198008
197922
19791983
197911
197900
19790
197820
197819
197803
19772000
19771979
19771977z
19762
197613
197605
197603
197602
197601
19751976
19744791
197423
19742005
19741970n
1974197
197408
19735682q
197355
197326
19731
19730426
197209
1971197
197112
19711
1970442
19700509
1969518a
19691971
19691
196868
19681972
196812
196808
19671994
196701
196619
1965917
196519
196512
1964196
196412
196212
196200
196119
195900
195888
1957chev
195700
195454
195211
194850
194747
194600
19401945
193945
193782
193752846
193746285
19301930
191995
191990
191979
191977
191972
191963
191817
19141918
191297
191195
191163
191156
191145
19112005
19112001
191095
191070
19101967
19101956
19100784
191007
190998
190974
190969
19091965
190909
190899
190879
190876
190875
190874
190869
190866
19082000
19081959
19081908
190771
19077
19071959
19071958
19071956
19071955
190719
19067
190669
19061966
19061959
19061958
19061953
190606
190604
190597
190596
190571
190570
190568
19051957
1905190
190505
190468
190463
19041963
19041954
190398
190397
19039
190380
190366
190270
190196
190194
19018
190174
190173
1901197
19011954
1896
1893
1887
18861886
1884
188188
18765603
187291
1872
1859
1849
18441844
18421842
1839
18311831
181993
181988
181985
181984
181978
1814am