181294
181269
181256
181255
18122001
18121957
181166
181099
18108
181073
181065
18102004
18101965
180997
180969
18091965
18091958
18091957
18091956
180872
180871
180868
180865
180864
180860
180855
18082006
18082002
18081999
1808198
18081963
18081959
18081951
180799
180798
180752
18071958
180663
18062006
18062003
18061958
180605
180598
180563
18051952
18051948
180498
180473
180464
18042007
18042003
18038
18031999
18031961
18031955
180296
180271
180267
180265
180259
18022004
18022002
18021952
180168
18012005
18011957
18011956
1799
179324865
17932486
1784
1776id4
177117
1766
1759
1753
17501750
17451745
172737
172172
17211721
171992
171990
171986
171978
171976
17181718
1717171717
171258
1712199
17121964
17121959
17121957
171199
17117
171168
171159
17112006
171098
171067
171062
171059
17102002
171000
17091993q
17091958
17091953
17091949
17082002
17081956
17081954
17078
17071959
17071956
170669
170665
17062007
17061957
170598
17058
170570
170562
170561
170557
17052009
17051957
17051950
170499
17049
17048
170467
170458
17042001
17041954
170400
170397
170355
170307
1702Alex1991
170266
170256
17021953
17021948
170202
1701ncc
1701e
17018
170158
170157
170111
170108
170106
1690
168932
1686
1684
16794300
1674
1657
1655
1651
1649
16451645
1629
1628
16253
16252829
1621
161991
161990
161986
161984
161979
161973
161972
16122004
16121956
16121955
16121954
16121952
161194
16117
161157
16111962
16111957
161098
161058
161055
16102001
16101999
16098
160972
160962
16091999
16091960
160898
160866
160864
16081963
16081957