160767
160760
160759
160696
160673
160660
16061957
160607
160606
160564
160559
16052004
1605198
16051955
16051605
16048
160465
160461
16041956
16041954
160398
160366
16031968
16031952
16031603
160301
160270
16022006
16022001
160158
16011957
16011952
15thmay
15995133
15993210
1597534682
15975345
15975322
15975320
159753159
15964865
159635741
159456753
159357d
159357000
158851
1584
158158qq
1577
1567
156423
15631563
1556
1547
154322358
154077
15391539
1538
153777
1534
15331533
15321532
153153153
15201520
151989
15198
151296
15122007
15121956
151200
15119
151125
1510845
151074
151072
151064
151061
151001
15100
15092003
15091962
15091961
15090
150867
150863
150857
15082000
15081956
15081951
15081948
150766
150765
150760
15072008
15072005
15071957
15071952
150656
15062002
150567
15052008
15052002
1505198
15051964
15051958
150498
15041957
15041956
150365
15032005
15031999
15031955
15031954
150272
150270
150267
150260
15022002
150200
15018
150161
15011957
14maggio
14b0rn85
1497
149214
1488666
148818
148814
147896523
147852gogozen
147852369z
14741474
147369852
14736
147258a
147258369z
14714
1471214712qwe
146146
1460
14571457
14551455
145500
1455
14431443
143985
14381438
14341434
14301430
142700
14261426
142536475869
142400
141974
141618
1415926
141514
141265
14122005
14121957
14117
141167
14112006
141099
141096
141065
141064
141059
141058
14102008
14101959
14101948
14092003
14092001
14091952
140895
140877
14087
140855
14082002
14082001
14081954
140799
140797
140771
14077
140761
140758
14072007
1407198
140707
140666
140661
140660
140659
140654
14062002
14061958
14061951