140600
140563
140558
1405198
14051966
14051957
14051955
140503
14048
140471
140466
140463
14041961
14041955
14041949
140398
140364
14031959
14031957
140271
140250
14022011
14022007
14021966
14021962
14021954
14021952
14021950
140203
14012004
14011959
14011958
14011955
13941394
1386
137913
13741374
13721372
136661
1365
13621362
1357902468
13577531
13541354
13501350
13491349
134899
134567
134256
133333
132435a
132413
132002
131987
131982
131978
131974
131313q
13127
131263
131262
131260
131257
1312198
13121958
13121953
131164
13112000
13111998
1311197
13111956
13111955
13111954
13111952
13108
131064
131062
131051
13101962
13101954
131000
130965
130959
13092002
13091968
13091960
130897
13087
130863
13082010
13082002
13081958
13081952
130799
130797
130774
130771
130766
130761
13069
13061960
13061955
130603
13060
130567
130566
130561
13052001
13051955
13051954
130497
130474
130369
130366
130365
130360
13031960
13031952
13031303
130297
130266
130264
130261
13022009
13021954
130199
130173
130160
13012010
13011957
13011953
12wqasxz
12wq12wq
12as34df
12as12as
129999
12900921
12851285
127543
12661266
126000
125800
12565084
12550
124680
12457890
124578369
12456789
124500
124421
12421242
12401240
123zxcvb
123tre
123teen
123soleil
123roman
123rfnz
123qwezxc
123qw45
123qqq123
123nata
123man
123ira
123hjvf
123hello
123ggg
123fun
123den
123d321
123cat
123ass
123asd456
123a456a
123a
123987a
123987654
12398755Q
12396
123789258
1236987q
12369874qq
123578
1235678
123564
123557
123512
1234zz
1234Qwert
1234QWEr
1234qa
1234love
1234five
12348878
123468
1234678
12345fff
12345aaa
123456vova
123456u