123456tt
123456kl
123456kk
123456asdfgh
123456abcd
1234567qwe
1234567c
123456799
12345678p
12345678g
12345678b
123456789ss
123456789h
1234567898
1234567895
1234567890k
1234567890b
1234567890as
12345672
1234567123
12345665432
123456456
1234560987
123456_
123-456
1234555
1234545
123344
123321qwerty
1233212
123210
123198
123196
123191
123169
123166
123149
123123l
123123d
123123bf
123123ab
12312311
1231123
123045
123001
122980
122975
122969
122882
122880
122872
122797
122775
122772
122701
122675
122657
122578
122577
122571
122497
122472
122468
122465
122372
1223344556
122286
122280
122189
122184
122178
122170aaa
122098
122082
122044
122005
121963
121956
121898
121877
121794
121781
121748
1216utd
121693
121671
121612
121518
121497
121484
121475
121400
121396
121368
121314q
121303
121300
1212qwqw
121249
12122323
121223
12122005
12121961
12121957
12121955
12121954
121202
12117
121159
12111957
12111954
121065
12102006
12102002
12101953
121010
120967
120964
12092001
120903
120858
120856
120851
12082006
12082004
12081951
120806
120801
120797
120762
120756
12071958
12071955
12071949
120707
12070
12069
120663
120662
120660
120658
120655
12061960
12061954
120606
120561
120559
12052006
12051965
12051959
120500
120464
120463
120459
120458
120456
1204199
12041956
12041954
12031968
120300
12021955
120197
12017
12011949
120107
120020
11qq22ww33ee
11oiure
11aaaa
11997733
119933
119922
11951195
11849ira
11841184
1177ddff
117000
11691169
11621162
115566
115522
114455
11431143
113800
1137
11332244
113062
112986
112858
112799
112781
112780
112771
112677
112511
112473
112411
11239
112377