112366
112356
11233455
1122gg
112269
112264
112233zz
112233qw
112233m
1122334455a
11223344556677
112174
112151
112148
112123
112096
112080
112079
112
111qqqaaa
111qqq111
111qaz
111994
111982
111979
11197
111950
111770
111765
111701
111483
111477
111368
111333555
111296
111267
111262
111257
11123
111222111
11122000
11121955
11121954
111211
1111mini
1111991
111155
11115
11112008
11111qqqqq
11111k
11111959
111112000
1111111111m
111107
111058
1110198
11101966
11101962
111007
11100
110963
110951
11090
110862
110859
11082007
11081962
110815
11081108
110802
11079
11071967
11067
11062005
11062000
11061993a
11061959
11061957
11058
110493
110404
1102dave
110254
11022003
11021999
11021955
1101982
110161
11012007
11011964
11011957
110103
10qp10
10978
109533
109262
10901090
10751075
10641064
10621xx
106211
105555
105010
10491049
10422
10401040
103198
103182
103169
103158
103151
103072
103070
102978
102962
1029384756a
102903
102883
102881
102871
102846
102778
102774
102677
102673
102599
10247
102454
102393
102384
102383
102377
102376
102274
102222
102189
102179
102177
102173
102148
102079
102069
102051
10200
101984
101971
101968
10196
101910
101879
101866
101792
101790
10178
101773
101701
101681
101672
101610
101599
101582
101558
101520
101498
101477
101469
101369
101351
101325
10129
101257
101252
1012198
101201
101200
10120
10118
101155
101151
10112008
10112007
10111954
101111
10101949
101003
100proof
10092010
10092005
10092003
10091955
10091009
10082007
10082005
10082002
100807
100765
100754
10071961
10070