100666
100660
10062008
10062004
10061963
10061959
10061956
10061952
100607
100606
100598
100564
100561
100558
100554
10052007
10052002
10051959
10051956
10051955
10047
100462
100457
100444
10041999
10041956
1004100
100400
10038
10033
10031954
10031951
100263
100247
10024
100234
10022002
10021964
100201
10018
100164
100157
100151
10011954
10000001
0XFhs03269
0wnage
0liver
0997
0996
099453784sem
0989161740
09876543211234567890
09871234
098321
0969
0960
0951
093093
092579
092369
0921232
091988
091981
091980
091976
091975
091970
091969
091783
091762
091570
091374
091299
09128
091269
091266
091264
091256
09120912z
091200
091164
091158
09112001
09111952
091099
091068
091061
09101959
09101957
090970
090966
090957
090909o
090908
090900
090867
09082006
09081999
09081956
090771
09072001
09071968
09071962
09071955
090695
090673
090669
090667
09061957
09052004
09051953
090496
09042003
09041965
09041964
09041957
090368
090360
09031961
09031960
09031954
090277
090276
090275
090263
090259
09021958
09021956
09021953
090201
090197
090196
090170
090165
090164
090161
09012001
09011954
08F5Q
0894
0870
0848
081974
081967
081858
081764
081677
081658
08130813
081296
081250
08121950
081200
081199
081192
081185
08118
08111964
08111962
08111956
08111954
081058
08102000
08101999
08101964
081002
080969
080966
08091964
080868
080867
080863
080861
080859
08082004
08082002
08081958
08081951
080795
080770
080765
08071960
08071957
080670
080667
080662
080661
08062006
08062003
08061963
080562
08052001
08051958
080497
080462
080456
080455
08042001
08041956