080365
08031964
080306
080261
080260
080258
080248
080181
080165
080156
08011966
08011957
080103
080100
0800
0794
0792
0787
0780
0745
0741
072863
072072
071987
071986
071976
071971
071476
071396
071268
07121964
07121958
07121953
07121950
071196
071171
07111954
071108
071096
071077m
071074
071068
071067
07101957
070999
07092007
07092004
07091960
07091954
07082002
07080708
070762
070757
07072008
07071956
07071955
070704
070700
070694
070675
07062002
07061956
07061953
070572
07052002
07051956
07050705
070498
070477
070463
07041966
07041963
07041958
07040704
070369
070368
07032002
07031954
07031952
07031950
070299
070270
070264
070258
07021961
07021959
07021952
07012002
07011964
07011961
07011957
07011956
07011954
06EUI
0695
0680
0675
0671
0652
0634
062584
061979
061972
061943
061465
061298
061264
06121961
061202
061200
061198
061197
061196
061165
061163
061066
061065
061064
06102000
06101964
060998
060993
060973
06097
060961
060960
06092001
06091957
06091956
060900
060898
060893
060858
06081957
06081956
06081951
060765
06071964
06071960
06071956
06071954
06071952
060702
060661
060658
06061958
060607
060603
060594
060571
060567
060566
060555
06052001
06051963
06051954
060471
06042002
06041965
06041954
060402
060371
060367
060364
060363
060362
06032003
06031998
06031958
06031949
060298
060265
060258
060254
06023467
06021959
06021958
060180
060171
060163
060158
06011961
06011958
0597
0596
0591
05740574
0572
0571
0570
0540
0536
053422
052400
052380
052276
052052
052000
051985
051984