051978
051977
051975
051297
051295
051269
051265
05122000
05121949
051208
051193
051163
05111956
051060
051058
051050
05101961
05101959
05101953
05101948
050993
05098
050972
050968
050963
050958
05092002
05091962
050900
050867
050856
050848
05081966
05081962
05081954
05081950
05081949
050805
050770
050768
050759
05071959
05071956
050697
050661
05061957
050608
050563
050559
05052007
05052004
05051999
05051954
050508
050497
050467
050461
050368
050363
05032007
05032005
050301
050295
050266
050265
05022006
05021991inna
05021958
05021956
05021955
05021953
05021949
05021947
050197
050171
050170
050162
050161
05012002
050107
05010
0497
0496
0492
0474
0471
0465
0461
0453
0452
042968
042669
042598
042482
042474
042388
041980
041380
041264
041263
041251
04122000
04121963
04121959
04121951
04120412
041193
041167
041166
041160
04111958
04111954
041073
041064
041060
04101999
04101997
04101966
04101951
040999
040998
040994
040974
040964
040961
040899
040874
040871
040870
040868
04081961
040802
040797
040766
040765
040761
04071962
040699
04068
040661
04061968
040608
040599
040572
040559
04052007
04051959
04051956
04051955
04051953
040502
040500
040458
040456
04042009
04038
04032004
04032000
04031969
04031957
040270
040261
040257
04022002
04022001
04021953
04010401
0375
0374
0370
0367
03580358
0347
03440344
03410341
032967
032377
032099
031582
031579
031298
031297
031296
031295
031271
031269
03121957
03121954
03121953
031196
031156
03112006
03111963
03111957
03111955
03110823
031071
031059
030998
030961