0309198
030899
030864
030858
030855
03081950
03080308
030772
030769
030766
030765
03071964
03071963
03071955
03071953
030672
030662
030654
03062010
03058
030566
030563
03056114
030561
03052009
03052004
0305198
03051957
03051955
03051950
030502
030466
030463
030461
030458
03041958
030400
030352
03031953
03031950
030301
030269
030267
030266
030262
03022011
0302198
03021957
03021956
030173
03012011
0296
0293
02840284
0279
0274
0271
0266
0263
025802588520
0244
0242
0240
0239
023456
02280228
022100
022002
021976
021699
021543
021469
021401
02127
021260
02121952
02121951
02120212
021166
02111959
02111952
021075
021063
021003
021002
020996
02098
02091964
02091955
020865
020859
020858
02081999
02081966
02081955
020763
020761
02071951
020697
020669
020660
020659
02062001
0206198
02061956
020599
02058
020559
02051957
02051953
02051952
020500
020476
020467
020457
02040608
020373
02032006
02031955
02031952
02031949
02022006
02022004
02021951
020203
020198
020195
020167
020165
020156
02012003
02011951
0197
0177
0175
0168
015536822v
0155
01310131
012982
012596z
01250125
012456
0123456789a
012300
012268
011986
011983
011980
01198
011978
011973
011969
011882
011411
011297
011265
011261
011259
01121963
01121955
01121900
011199
011176
011165
01112008
01111998
01111956
01111955
01111949
011099
011098
011063
011058
011049
01102005
01101957
011002
010999
010997
010973
010961
010959
010951
01092004
01092002
01091963
01091955
01091951
010909
010908
010891
010868
010865
010863
010860
010823dfcz
01082002
010769
010762