brenna
break
bramble
bite
bismilla
bigbucks
bibi
benton
benji
bdfyjd
batista
bandit1
Bailey
baberuth
axio
aspirin
asdasd123
arctic
angel2
altair
alessand
alcatel
aladdin
access99
abacus
aaaaa1
8888888888
828282
707070
6669
3rJs1la7qE
34343434
31121983
31031986
30111986
30101986
30081990
30071985
30031987
30011980
29121986
29111983
29091985
29091982
29051988
29051986
29051984
29031989
29031986
29021988
28111990
28071983
28051992
28041989
28031991
28031988
28031983
27101992
27071990
27071985
27061984
27021987
26111989
26061983
26031985
26021989
26011988
258000
25121990
25111989
25111986
25041989
25041980
250388
25031992
25031986
25021990
25021989
25011987
24681012
24121982
24111983
24091990
24081986
24061989
24021989
23071984
23061980
23051988
23041985
23011991
23011982
22121982
22111990
22101987
22101981
22041989
21121992
21061990
21051987
21051984
20121987
20111985
2011
20051981
20041992
20041984
20031980
20021983
20011981
19121987
19081983
19021988
18101990
18101988
18081990
18071983
18021991
17121983
17101992
17091986
17051986
17031988
17031984
17031983
17021983
16111986
16101989
16081991
16071988
16071985
16061989
15121990
15121986
15101984
15071992
15061987
15051982
15031992
15021987
15011981
14789
1475369
14725
14111990
14091986
14081982
14061990
14041984
14031987
14011991
13071993
13051992
13041984
13031980
13011993
124038
123581321
123456as
123321123321
1217
12121981
12121977
120786
12051981
12041989
12011991
11111989
11111988
11091987
1108
11071990
11051991
11031992
11021992
11021981
10121982
101080
10101992
10101982
10071984
10041985
09121985
09121982
0909
09071988
09061991
09051981
09031990
08101987
08101980
08061992
08061985
08021991
07101989
07091987
07081992
07061985
07041990
07041983