aaaa2000
Aaaa1
aaa000
aa569813
aa123456789
Aa1234567
aa11aa
Aa111111
a77777
a758bndnWO
a5a5a5
a555555
a3a3a3
a37289010a
a2a2a2a2
A25802580a
A1R2I3
a1n2n3a4
a1b1c1d1
a1a2a3a4a5a6
a123123123
A0C9697D07
A0C9081FF6
a010101
9h98g8hh
9diablo8
9bdjcc
99stang
999999999a
999444
999
998998
9984
9982
997766
9974
996996
9968
9960
99559955
9953573
9950
9945
9944
993399
99245
9909
99009900
990000
98h984gh
98dodge
98959636987
9885
9881
9879
987654321x
987412
987345
98712
9854
9834
981981
9807
98031248
98027
97dakota
9798
979121
978645
9779
976290
9762
9757
975318642
9747
9733
9722
9710143
9710
969969
9690
9675
9671111
96699669
9668
96639663
9643
963456
9633
9632587
961946
9602960
9600
95stang
9597
9580
9577
9558
9552
9551
9531533
9530
9526
9524
951753123
95173
9513
951236874
95111
9508550818
9499
9495035
9488
9487
9485361
9481
9473
946825
9468
9467
9458
9447
9445
9433
9415
9400
93HGv5
9391
938271
9379992m
93799921
9377
9373
9361
9351
9343
93399881
9326qj
9320
93119311
9301
9300
9279807412ss
9279807412ddss
92539253
9253
9252
9247
9245k
9236
9231
9230
9224
921921
9217
9214
92119211
9206
9205
91chevy
9195
9193
9187
9182
91719171
9157
9150
914914
914586z
913782
9134
9128
9118
91169
9115150
9114
91139113
9113
9091991
90879087
9081974
90609060
90452424
9040
9039
9034
9030
9025
9011
90091001
9008188523
90050060
90041
9003
900009
8s7t6l5b
8r1an5la
8oceewn
8marta
8dAGYCF9LDtf