899899
899889
8983045
89636225581
8958
89514845466a
8949
8935
8926
8923
89223105865
8921
89185354047
8913
89112
8911
890j34t2
89081858374
8902
89008900
889889
88899
888899
88888888a
88880000
888000
8880
888
88778877
8875
88668866
886688
8856
885331
8847
8844
8838
8834
8828
8826
8824
8814
881188
881122
88002600
8796
8789
8785
8777a777
87654321a
8765309
876345
87418741
8741
8711
870586
8696
86878687
868381
8675
8664
86548654
8650
86323352
8624
8620
86170
861533
85vette
859829
85858
8575
857463
8564
85468546
85296374
85296
852456a
852456123
85228522
851111
850123
848975
84868486
8481
8465
84638463
8461
8452
8447148
8444
8437
842000
838838
8387
8378
8354
8353
83528352
831831
831000
8304
82much
8299
8298
8292
82838283
8281
8272
8267
8265541
8261
825forever
825825
8258227
8257
82558255
8253
8248
82469173
8242
8236
82288228
8219
821504
8211
8199
818283
8182
8179
8175
8168
8153
8142
8132
812fcp59
81238123
8122
8121987
8116
8112
81102
80989877991
80987630910
80978097
80958286
809111
80908090
808888
80888088
8087
8084
8083
8070
80502824904
80502354942
80484971237
80173130022
8016
8014
800900
8002
8000
7uihashk
7spot
7qwerty7
7q8w9e
7eiiqmk2
7e9lNk3fc01
7993
7982
79797
7953285e
795130
7946
7931
79267926
7926
7922
7920
789asd
78998
7898
789654123a
7895123q
78951230
789510
78947894
789456z
789456123z
7888
78797879
7878787
7872
7869
7863
786123
7861
786000
7858