785632
785623
7855
7851
784951623
7845120
78292
782782
7812
781025
781001
7804
7802
7792
7790
77889
77886
7782
7780
7778mg
77788
7777777d
77777771
77773333
77771111
77717771
7770777
776577
7762fffddd
7761307
775599
7751
7745
7741
773773
7724
7722
7717
771377
7708
7700clb
770000
7693
7689
7685
7678
767054
765123
7646
7645
7642
7635
7623
7622
760760
7594
7588
757200
7570
7557755
753951852456
753869
7533
75309
7528
7525
7521
7511
75057505
7501
750000
749749
749685
7484
7472
74707470
7470
74677467
7464
7454
74531963
7451
7450
74487448
744744
744444
7434
7430055
742617
7425
741852963a
7416
7413
74127412
74108520963
74100
7404
7401
73vette
7391
738738
7378
737700
73737373
7355
733737
7335
7331
73257325
73217321
7321
7317
7315
7313
7310
7285
727200
7261
7257
7254
7252
7245
7234
7222
7211
7206259
72032971
71cuda
7198
71829
7175
71737173
7169
71677167
7144
71397139
7132371
7132339
7124
7119467
71188
7110
7108
710046
70uqctim
7063
7061988
704704
7040
7037
702702
7023
7020
7017
7015
7010
7008
700707
7005
7003
6y7u8i9o0p
6speed
6sk8fq
6rean5
6qy091
69tiger
69king
69girls
6994
6991
6990
6986
698547
6979
6934
6931
6922
6909
68999
6881
6879
6873
686968
68686
6851
684684
68256825
682271
6809
6801
680000
67yuhjnm
67ranger
67mustang
679679
6792
67919010
67916791
6791
6789101112