6785
6782
6778
6772
67696769
6766807
675075914
6728
6721
6713
6690
6686
6683
6678
6676
667266
6666969
666668
666666666666
666007
66566656
6646
6642
6634
6632
6626
662166
6617
6613681
66116611
6602
66006600
6584
6576
65535
654987321
65498
654321s
6543217
6542
6528
651000
6499
649649
6488
64856485
6470
64686970
6465649
645945
6459
6458
645321
645059
644446
6429
641641
6413
640000
63986398
639639
6396
6393
6392
6367
63646364
6362
633633
6334
633345
633333
6332610
63216321
6315
630630
62chevy
629462
628888
6283
62816281
62767505
6268
6267
6265
625625
625379
6247
6242
6241
622622
6221701
6221
6220
6211
62016201
6201
6200595tach
6195
6170
6167
6166
61646164
6158
61569419
6156
6152
6144
6142
6138
6128
6127
612612
6121999
61216121
6110332
6100
6099
606606
6054
6040
6032
60266026
6026
6024
6004
6003
5va4mk
5t5t5t
5litre
5jtvfpp
5anthony
5997
59967220
5995
5990
5980
5965
59605960
595sp
5956
5951
5912
589632147
5889
5881
58741
5870
58525456
583600
5836
5832
5831598
5830
5826
581684
5815
5813
5812
5799
57855785
5785
5783171
5774
5770
5765
5763
57585758
5758
5750
5738zg
5736ecs
5735
5732
5730
5723
5722
5720
57193Ed1
5719
5717
56tr57yh
5698
56895689
5688
5683love
567891234
5676
567567567
5675
5668nitram10
566566
5661
5653
564488
5644
564123
5635551
5621
5620
5619