561111
5603887
55991
559559
558800
5584
55815581
5570
55695569
5568
556688
556622
5564
55577
55566
55557777
55555k
55455545
5542ljb
5532
5529
5527
5524
55225522
551992
551055
5508
5507369
5504
5503
54935493
5485
54825482
5481159
546372819
5460
545747
54565456
5456
5453
544462
5441
5438350
543788
54355435
54321qwert
54321678
5432154321
54321123
5428
54245424
54215421
541554
541541
5406
54033
5391
5370
5359
535535
53425342
5339
53345334
5332
5328
532532
5323
5314
53120726
5311
5310877
5298
5296
529529
5293
5292
5284
52825282
52795279
5274
5269
5252569
5251
5245
524100
52365236
52151
5213
520025
5186
5182
5178
5173
5170
5169
5164
5162
5158
515555
5154
51535759
515023
51500
51405140
5140
51305130
512345
5121992
511111
5093
5091
5088
508508
5069
5066108
5056
50515051
5041
5030
5024
5023
5017
5016
5011990
500005
4zealots1
4t5y67
4rfv5tgb6yhn
4r5t6y7u
4me2see
4masiv
4horse
4given
4dvanced
4corners
4atech
4963
4946
4940
4931
4927
49263
49234923
4921paul
4918
4912
4908
4904s677076
4898
48894889
4888
4876
48754875
4873
486759
4859
48494849
4842
4835
4830
4816
4815926
4810
480480
4795
4794
4786
477777
4777
4765
47524752
4751
4749
473820
4736
4729
4726
471000
4691
4689
4675
466666
46644664
4662
4659
465816
4658
4650
463720www
4637
4630
4627
46224622
4614
4612
461008
460700
45acp
45984598
4596