45954595
459214
458695
4576
4575
457100
456qwe
45694569
456890
456852q
45685200
4568260
456369
45634563
45604560
456
4549
45464748
45464546
454500
4544fuck
454350
4530
452159
4505
44dd
44992
4498
4492
4487
4466
4461
4448
444123
4435
4423
442000
441972
4418
44134244
441199
44034403
4402
4382
4376
4369
4365
43354335
43324332
432881
43254325
43234323
4321qwer
432156
43212000
43210
431666
4316
43124312
4301
42g4224g
4296
4284
427427
4263
42624262
425698
42554255
42424
4238
42304230
4216
4215
420911
4206
42042
42024736
42024
4198
4193
4181
4169
4163
415141
4142
413786
411999
4111987
4109
4103
410200
4102
4094
4088
4086
4081987
40682a
4068
4056
4055
4051
40454045
404404
4043
4039
4033
402s2nd
4026
402402
4019
4008
4006
4005072
4003
3sfere
3s52210p
3monkeys
3kids
3fingerj
3e3e3e
3dsmax
3c8689x
398398
3982
3965
3956
3955
3942
39393939
3917
3909
38popugaev
3899
38933893
38913891
386tns9h
38603860
3855
384872
38453845
3842
38383
3834
383333
38263826
3816
3814
3811
380323
3799
3793
3779
377777
3765
3761
3756
3752
3749
3747
3745172go
3744
3741
37406810
3732hunt
3729
3726
3723
3718
3714500
37123712
3712
36chambers
3697
369654741
3695
3685
3670
36693669
3665
36623662
36583658
3656
3648
363738
3636363
363363
36333030
3630
3628
36263415
362362
3613
360flip
3601
3600360
35943594
3592
357magnum
3573995
3573