35715
3566
35623562
3560
355182
354555
3545
3543
3540
3539
353333
35263526
35193519
35123512
35103510
3505
3502
350000
3496
348348
34743474
3473
3472
3467
346346
3460
345t3twf
3458
34563456
3451
3450
3449
3439
3429
342516
3421
3419
341501
3415
3413
34123412
3405
3392
3386
3384usad
3368
3367
336600
3364
3357
335599
3347095
33433343
3342
3341
333xxx
333qqq
33399
33332222
332255
331733
3308256
3298
3294
3290
328gts
3284
32773277
32743274
3273
32653265
3263
3258
3253
32513251
3245ff
323qwe
32393239
3238
32353235
3231
322000
321abc
32167911
321673216732167
32147896
321212
32112
3199
3198
3178
3175
31471049
31416
314159pi
3141592653
31397
3139
31383138
3138
313377
3121986
311996
311984
311980
311977
3115
31129
31122011
31122001
31121963
311066
311059
31102001
31101955
31101951
310897
310896
31083108
31082002
31081953
310805
310769
310767
310759
310758
310753
31071963
31071952
31071950
310566
310561
310557
31052005
3105198
31051960
31051955
31037
310363
31032005
31031961
31031952
310193
31018
310175
310169
310154
31012007
31011957
31011956
31011954
3099
3093
3081
3079
3073
3071
30693069
306090
30573057
3057
3048
3045
30353035
3034
30323032
301986
301975
3018
3014
301267
301262
30121958
301195n
30118
301163
301158
30111956
301067
30103010
300970
300962
300956
300954
30091963
30091961
30091951
300897
30088
300866
30082001
30081958
300800
300794
300762
300760
300757
30071954
30068
300663