30062006
30061953
300598
300597
300507
30049
300463
300445
300396
300360
30033003
30032005
30031965
300301
300195
300171
300167
300163
300162
300151
30011954
30011952
2wpendalf0
2tupac
#2surf
2stupid
2slick
2PY000
2PX02
2px
2pacalypse
2pac4life
2pac2pac
2n2n2r6
2happy
2funky
2flyfish
2easy4u
2dgdI9wi6T
2day
2cf5957f
2breasts
2beers
2beagles
2bad4you
2apples
29ast666
299999
2989
29862986
2981
2976
296969
2966
2965
2956
2950
2944
2928
29223
2920
291986
2917
29162330
2914
291270
29122007
2912198
29121954
291162
291155
29112911
29112001
29111983a
29111956
29111949
291063
291058
291057
29102001
29102000
29101958
29101952
290974
29097
29092007
29092004
29091955
29091953
29091949
290906
290869
290857
29081999
29081963
29081955
29081948
290796
290765
29072003
29072002
29071956
29071953
290697
290666
290664
290663
290657
29062002
290558
29051952
29051951
29047
290464
290460
290458
290456
29042003
290398
29031959
29031953
290300
290260
290196
290165
29012004
29011951
2896
2873
2852
284600
2844
28372837
283196560
2830
282930
28279hb
2824
281991
281984
281299gleb
281283n
281275
281270
281255
28121955
281197
281165
281160
28111964
28111953
28109
281059
28101961
28101958
28101950
281000
280998
28092001
28091957
28091955
280865
28082004
28081956
280761
28072007
28072004
28071957
280665
28062008
280599
28058
280567
280566
28052002
28051957
280499
280468
280458
280450
28042804
28042001
280364
280349
280305
28029
280264
280261
280258
28022006
28021952
280200
28018
280166
280164
280161
280160
280158
280155
28012003