28011952
27eon4
27church
2797
2781
2779
2776
27692769
2764
2760
2755
27540
275275
27482748
2745muf
2745
2742
2727272
2724
27222722
2722
271992
271988
271985
271983
271978
27182818
2714
271266
27122001
27121955
271208
271207
27112008
27108
271067
271059
27102003
27101957
271010
270999
270961
270950
27092709
27091954
27091953
270908
270900
270899
27088
270867
270864
270861
270851
27081958
27081952
270761
270754
270671
270662
270661
270659
270658
270655
2706198
27061954
270569
270555
27052009
27052005
27051963
27051954
270509
270469
270458
270457
270456
27041954
27041953
270369
270364
27031999
27031953
27031948
270258
270169
270153
27012002
27012001
27011955
27011951
270000
26vfhnf
2679
2678
26772677
2676
26672667
26652665
2664
26582658
26580308
2658
2655
26522652
2642
26392639
26252625
26251
262262
261994
261993
261992
261978
261976
2612fg
26127
261266
261265
261264
261262
26121957
261199
26112003
261097
26107
26102002
26102001
26101955
26101952
26101778
260999
260861
26082608
26082005
26082003
26082001
2608198
26081951
26081946
260761
26071956
26071955
26069
26067
260664
260661
26061959
26061956
260607
260599
26051951
260505
260499
260464
260462
26042001
26041957
26041956
260404
26038
26037
260367
260362
26031951
260298
260295
260271
260257
26022002
26021954
26021953
260202
26019
260167
260165
260164
260156
26011955
26011954
25qC38U6
2596
259259
2592058as
25842584
258014
2573
256969
2560341
2560
255993
2555535
25528975v
2551
2547972
25458565
25422542
25352535
2533202
253253