2530
252526
251985
251966
25127
251263
251259
25122004
25121999
25121966
25121958
25121953
25121952
25121948
251212
251207
251202
25120
251170
251156
25112006
25112001
25111964
25111956
25111951
25109
251060
25102008
25101957
250gto
25099793
250962
250960
250956
250952
25091951
25091950
25088
250867
250864
250859
25081956
25081946
250807
250768
250757
25072507
2507199
25071952
250700
250699
25069
250668
25062010
25062002
25061959
25061956
250607
250599
25058
25052006
25051949
25048
250463
250456
25042008
25041956
25041954
25041951
25041948
250358
250354
25031953
25031950
250299
25029
250264
25022007
2502198
25017
250163
250156
250152
25012007
250022
24may97
2494
2492366
2492
2490
248655
24863179
247474
24747
2472
2468024680
24652465
2465243391
24632463
246135
245678
2455396
24532453
244nish
24427zx
24424279
243vit
2434634
24322432
24312431
242524
24234546
241990
241982
241412
241224
24122006
24121965
24121955
24121951
241196
24112007
2411198
24111957
24111953
241071
240sx
24099
24098
240962
24092001
24087
240860
24086
240851
2408197
24079
240761
24076
24072003
24071964
24071959
24071958
24071957
240699
240668
240656
2406198
24061954
240569
240568
24052004
24051951
240497
240466
240461
240457
24042404
24042009
24042001
24041949
24038
24032403
24031960
24031952
24031951
240300
24028
240258
24021966
24021956
240200
24018
24017
240167
240165
24012006
24011999
240108
23vec4rPcC
23Skidoo
23iuny99
23east
23bulls
2399
23972397
2394
23862386
23782378
2374
236987
236632
23612361
236123
235101i9ddv
2345wert
2338
23332333
23312331
232823