Charlie1
charle
chadwick
carsten
carlos1
canine
canada1
cali
caddy
bundy
bullit
bracken
bourbon
blueberry
blink
blackhawk
binder
bikers
bigblack
bigal
benjami
bengal
belair
beethove
bandi
antonov
anthony7
andyandy
amonra
alyson
alexxx
alexus
alexander1
address
acclaim
aaabbb
aaaaaaaaa
a1b2c3d4e5
987654321a
919191
85208520
748596
74123698
31101988
31071983
31011989
30121984
30111990
30111989
30071987
30061981
30051992
2sweet
29091980
29081986
29041992
29031991
27101986
27081985
27071989
27071986
27051992
27051985
27031990
26111986
26021988
25121983
25111992
25031993
24051979
24031985
24021983
24011992
24011991
24011983
2369
232425
23121983
23101990
23091994
23081991
23081988
23041989
23031991
23031980
23011980
22121985
22101989
22101983
22031989
22021992
22021987
22011993
22011987
21111992
21091985
21071994
21071982
21061983
21031981
20121990
20121982
20081988
20081985
20081984
20042004
20031983
20021992
20021989
20021987
20021980
1qaz2wsx3edc4rfv
19121982
19111984
19081992
19081990
19021987
19021986
18121992
18111988
18071981
18061992
18061984
18051992
18051986
18041987
17081989
17061985
17061983
17051992
17041984
17031985
17021991
17011991
1664
16111984
16101992
16081989
16061983
16041987
16011983
159753456
15081983
15071991
15061990
15051983
15041990
15041986
14111984
14111982
14061983
14051993
14051985
14021992
14021984
13121987
13091985
13081991
13011986
123456c
1233
12121980
12091983
12081989
12041978
12031991
12031984
1177
1127
1113
11121989
11121981
11091988
11051985
11051982
11051979
11041993
11031989
10121990
1009
10031992
10031984
10011987
09101988
09091991
09091987
09071991
09061986
08121989
08091989
08081992
08071983
08061984
08021988
08011987
07081983
07051992
06121982
06071989
06051988