232600
232527
232311
23222322
232221
23199
231986
23197
231969
231954
231299
231262
23122002
23122001
23121953
23121951
231205
231172
231166
231165
231156
231155
23111950
23108
231066
231063
231056
231010
23099
230965
23092008
23092001
23091953
23091951
230899
230855
23082008
230771
230765
230762
23072307
23072005
23072003
23071954
230699
23062001
23061950
230598
23059
230568
230564
230558
230556
23052002
23051958
23051953
230461
23041955
23041952
230407
230400
23038
230356
23031954
230299
230293n
23022010
230212
230157
23012002
23011951
23011947
22gpb26a
22acacia
229Sugar
2298
22972297
2294
2285
2284
2283
2280
227799
2273ra
22682268
226699
22662266
2265805
22632263
22522252
2243649
2233445
223233
22255
22252225
222426
2222wwww
22225555
22222a
2222299
2222221
22222000
222201
22212221
222
221981
221978
221972
22197
221960
2215334756
22142214
221361
221266
221259
22121953
22121950
221212
221202
221200
221197
221162
221160
22116
221146
221144
22111999
22111960
221108
221099
221065
221055
221052
22102007
2210198
220volt
220966
220962
220909
220908
220906
220852
22081955
22081948
220790140907
220768
220764
220759
22072009
22072002
22071957
22071955
22071951
220672
220652
22065
22062004
22062002
22061958
220564
22049
22042010
22041957
22041870
22041405
22040
22035
22031957
22031953
22031951
220306
220300
22022008
22021952
22018
220163
22012002
2201198
22011955
22011953
220103
220011
220000
2194
2183
2182
21652165
21582158
215690
21562156
21542154
2149
21452145
214444
214365jktu
21392139
213666
213213213
212224236
21222