2121987
212121a
21211
211996
211988
211986
211974
21182118
21172117
21127
211264
2112198
21121955
21121951
21121950
21121947
2111987
21117
211162
21112001
21111964
21111956
211098
211064
211062
211061
211060
21101955
211004
211
210999
210998
21097
21092005
2109198
21091957
21091953
210899
210871
210868
210865
210864
210858
21082005
21081959
21081956
210808
210796
21079
210770
210763
210762
210699
210665
210663
210662
21061954
210565
2105197
21051952
21051950
21048
21047
210466
210465
210457
21042007
21042001
21041955
21041950
21039
210389m
21032008
21032003
21031953
210308
21022102
21021953
21021951
21021
210206
210121
210106
209a12
20992099
209209
2092
2081994
207702
206gti
2068
20642064
2063
205205
20482048
2040608
2036
2031990
20304050
2029
201987
20198
20152015
201299
201264
201256
201220
20121958
20121954
201212
201200
20119
201188n
201167
201164
201157
20115
20112010
20111968
20111950
2010god
201098
201054
20102009
20101951
20101950
20101949
201007
200968
200963
200961
20092001
20091958
20091957
20091949
200902
200901
200898
20088002
20088
20087
200857
200855
20082007
20081952
20081950
200812
200804
200766
20072009
200671
200663
200655
20062010
20062002
2006198
20061958
20061952
20061951
200607
200601
200571
200563
200559
20052000
200505
200458
20042006
20042001
20041954
20041952
20041951
200399
200362
200358
20032008
20031954
20031952
200259
20022005
20022001
2002198
20021953
20021949
200208
200196
20017
200164
200157
200150
20012010
20012005
20012003
200120
20011956
20011954
200112
200110
20011
2000ad