1Bradley
1Bone
1Bomber
1boggo
1Boeing
1Bobby
1Blowjob
1Billybo
1Benjami
1Beach
1balls
1Azerty
1auditt
1Attack
1apple
1Apollo
1Amateur
1Amadeus
1Alpha
1Action
1abc299
1a2b3c4d5e6f
1A2B3C
1999jzj7
1999999
19999
199910
19982010
199797
199727
19972002
199707
199702
199649316zed
199630
199623
199622
19961998
199618
199606
19960415
199602
1995nik
199596
19952005
19951997
199504
19949
199429
19942703
199426
199425
199421
19942009
19942003
199417
199408
199397
199333
199322
19931
199309
19930702
199303
199229
199228
199221
199214
199209
19920506
19920301
1992007
199130
19912005
19911
19910306
199024
199022
19902007
19901991
199019
199013
19901106
199010
199009
19900528
198999
19892
198903
198824
198820
198813
19881
198809
198808
198756
19871990
198717
198705
1986god
198689
198630
19861
198607
198577
198528
19851983
198513
198503
198502
198431
198430
19842007
19841
198407
198406
19840
198322
19831
198308
198307
19830
198237
198226
198225
198221
198219821982
1981gncz
198131
198127
198126
198110
19811
198080
19802006
19801978
19800891
198005
198002
198001
197930
197927
19792
19791980
1979197
197914
197909
197823
197810
197804
197729
197718
197710
197703
19766791
197621
19761980
197618
197614
197608
197606
197555
197524
197510
197509
197501
197433
197426
197422
197415
19741
197403
197400
19734682
1973456
197329
197324
197320
197319
197302
1972nova
197273
197231
197230
197218
197211
19720
197198
197172
197130
197121
19711996
197102
1970ss
197030
19701975
19701971
197011
197002
19700