196972
196919
196911
196900
196801
19671968
196711
1965gto
1965196
196508
196413
196363
19611
196060
19601984
195860
195858
195656
195400
195210
19500
19491001
194900
194888
194545
19451941
1940ford
193755
193683
19321932
1928374
19201920
191999
191991
191988
191978
191974
191973
19195252
19151915
1913snow
191275
191271
191267
191264
19122007
19122002
19121954
191198
191175
191167
191159
19111965
19111960
191077
19102007
19101955
190971
190965
19092009
19091992a
19091957
19091952
190862
19082010
19081951
19081950
19081949
19072007
19072003
19071957
1907190
190675
190670
190664
19062004
190598
19059
19058
190562
19052006
19051952
190507
190493
190472
190471
190464
19041953
19041951
190402
190401
190400
190399
190367
190363
190359
19032002
1903199
1903198
19031957
19031951
190297
190295
190263
19022005
19021961
190198
190176
190168
19012002
19011962
189201
18891889
18881888
188240
18801880
18771877
1876
1875
187000
1867
186666
186533
18601860
1858
18531853
185185
1851
1843
18385
18349276
183351
18291829
18271827
18221822
18211821
18202
181990
181986
181982
18198
18141814
1813
181273
181267
181265
181263
181261
181254
181199
181168
18111999
18111957
18111811
18111223
181069
181056
18101963
18101810
180995
180963
180960
180956
18091954
18091953
180896
180854
18082007
1808199
18081954
18081953
180806
180775
180771
18077
180768
180767
180764
180759
180758
180753
18072003
18071956
180700
180699
18062002
18061964
18061957
18061954
180565
180562
180559
180557
180556
18051965
18051949
180499
18047
180461
180459