18042008
1804200
1804198
18041955
180354
18031952
18028
180261
180250
18022005
18021964
18021955
18021949
180199
18017
180165
180160
180153
18012004
18012002
18011955
18011952
180
1796
179179
17911791
1787
17851785
178288
17751775
1762
17531753
17513669
1751
1748
1747
1746
17401740
1737
17351812
17351735
1734
1733
17321732
17281728
1728
1726062
17231723
1722443
17220
172000
171994
171985
171981
171974
171972
1714
171294
171271
171264
171262
171260
171256
17121967
17121960
171206
17120
171196
171158
17112005
17111964
17111956
171056
17102007
17102003
17101954
17101710
171007
170999
170970
170969
17092007
17092005
17091965
17091952
170905
1708198
17081959
17081951
170764
170761
17071962
17071958
17071957
17071955
170697
17069
17067
170666
170659
170599zz
170560
170558
17052010
17052004
17050
170498
170468
170461
17042006
17041955
170367
17031959
17031954
170267
170262
17021957
170160
170159
170155
17011961
17010
169961
1695
16901690
16851750
1681
1679
1670
16621662
16461646
164500
16431643
1643
16421642
164000
1635
162516
162162
161996
161983
161981
161980
161964
161554
1615
161263
161260
16122008
16122007
16121965
16121958
16121949
161198
16119
161169
161162
161158
16111955
16111951
16111950
161065
161064
161048
16101954
16101948
161016
160964
160961
160958
16092007
16091956
16091955
160906
160905
160859
16082008
16081954
16081952
16081950
160797
160774
160766
160765
160764
160758
160757
16072007
16072003
16071965
160708
160664
16062007
16061962
16061952
160601
160565
160549
16052008
16052003