16051956
160508
16049
160469
160464
160456
160454
16042010
16041952
160404
160373
16037
160355
160274
160263
160262
160261
160258
160208
160207
160201
160199
160198
160163
160157
16011956
16011948
15stanle
15px
159zxcv
159753s
159753qq
15975369
159753654
15975325
159632478
15963214
15961596
159369
15935725
15901590
15861586
1575953
15751575
156969
15691569
15623
15521552
15511551
1549029
153486
1526
152436
15243
152030
152000
151993
151992
151991
151990
151982
15198003
15197
15171517
151666
151615
15131513
151298
151266
151265
151261
15122004
15122003
151203
151199
151198
151195
151165
151158
15112008
15112001
15111962
15111950
15111947
151101
15110
151054
15102007
15101958
15101956
15101955
15101953
15101950
15098
150967
15091957
150909
150906
15086
15082003
15082001
1508197
150808
150795
15078
15072009
15072006
15072003
150665
150655
15062001
15061962
15061959
15061958
150606
150599
150572
150561
150558
15052005
15051957
15051952
15051949
150507
150505
15048
15041949
15040
150399
150397
15039
150358
150357
150355
150354
1503198
15031503
150263
150261
150259
15022001
150160
150158
150105
150101
14eiuee88
14atdhfkz
148axe5312
1488hh
147qwer741
147896325a
14789630
1478956
147862
147852z
147852369q
147852369a
1478523690
147258z
147258q
14723
147147a
14711471
14701470
1465
14601892
1457
14514
14511451
14511281
1450184
1446
14421442
143900
1439
143737
14351435
143400
1432589
14300
142800
142753869
142536abc
14253647
142434
142184
141991
141986
141967
141965
141910z
14181418
14161416
141500
141421
14131212
141312
141300
14128
141266