141263
141258
1412197
141171
141157
141155
141141
14111957
141063
141053
14101961
14101956
14101952
140998
140960
140954
14092007
140907
140866
140860
140859
140858
14081999
14081964
14081956
14081955
140802
140768
14072003
14071954
14071951
140665
14062008
14062006
14062004
140613
140583m
140555
14052007
14051953
14051950
140460
14042004
14042002
1404199
140402
140361
140360
140355
14032005
140300
140264
140263
14022008
14022003
140202
140195
14018
140165
140164
140163
140159
14012003
140013
140
13years
13qwerty
13magi57
13bravo
1398
139742685
13951395
13901390
1389
1387
13831383
13821382
13801380
1380
1379513795
137950
13771377
1373
13711371
13701370
136821
1365295o
13579qetuo
13579q
1357910
135790a
1357901
13511351
134679825
1346790
1343
133976
132580
132513
13246578
132231
131980
131976
131972
131970
131966
131813
131730
131713
1314521
131369
131313z
13131322
131294
13121952
13121
131207
131202
131168
131150
13112002
13111999
1311198
13111963
131100
131099
131068
131067
13101957
13100
13091956
130902
13088
130859
130851
13081963
130807
13072003
13071958
13071947
130699
13067
13062003
130607
130558
130555
130506
130467
130458
130457
130452
13042001
13041961
13041954
13041952
13041947
13038
130361
13032008
13031959
13031953
13031948
130308
130300
13028
13022000
13021958
13021949
13018
130161
130157
1301198
13011954
130101
12zxcvbn
12vfhnf
12steps
12race
12qq12
12q12q12q
12mamba
12fghtkz
12as34
129281
12881288
127845
12601260
125698
125481
125111
12501250
124578a
123z456
123x123
123w321
123vfvf
123sasha
123reconect312
123qwe456asd
123q456w