120764
120760
120753
12072007
12071950
12071946
120709
120708
120706
12066
120654
120653
120649
12062004
12062000
12061956
12061955
12061952
120551
12052008
12052001
120512
120462
120457
12042006
12042002
12042001
120401
120400
12037
120352
12031949
120309
120298
120264
120250
12022010
12022008
12022007
12021952
12021338
120162
120160
120159
120148
120120120
12012010
12012006
12012
12011964
12011960
12011952
120104
120103
120
11zz22xx
11qq11qq
11inch
11girls
11997
119900
1197910233
119512
117799
117722
117574
11711
116600
11660
115533
11521152
115211
114433
11361136
113087
113079
113061
113000
112952
11290
112878
112871
112864
112828
11281
112777
112702
112681
112680
112661
112600
112580
11258
112562
112476
112472
112460
112400
112385
112378
11235812
112353
112295
112289
11228
11224433
112233qwe
11223345
112233445566778899
1121990
112196
112182
112180
112179
11217
112159
112113
112112112
112051
112002
111992
11196
111959
111955
111885
111868
111867
111800
111775
11177
11171117
111711
11161116
111574
111566
111538
11150
111481
111479
111469
111444777
111399
111364
111356
111263
111258
111256
11122002
11121959
11121949
111204
111203
1112000
1111ss
1111ken
1111aa
1111985
111165
111157
11115555
11113333
1111222
11112006
11112001
11111958
11111951
11111950
111113
111111r
111111qaz
111111m
11111199
1111117
11111122
1111111r
1111111o
1111100000
111108
11110000vn
11110
111056
11101960
11101955
111008
111004
110999
110966
110965
110962
110961
110955
11092004
11092003
11091957
11087
110857
11082004
11081961
11081952
11081951