110811
110808
110807
11080
110799
110755
11072005
11072004
11071955
11071948
11069
11066
110658
110657
11062010
11061106
110608
110605
110555
110551
11052005
11051956
11051955
110508
110500
11050
110462
110456
11041953
110358
11031950
11030
110249
11022002
110206
110200
110162
11012010
11011
110102
10ytuhbnzn
10kaylor
10june
10fghtkz
10987654
10981098
1095
109238
10892q
108715
108400
1073421
10731073
1071987
106532
10651065
106342
106000
10561056
105203
10511051
10456
1041990
10361036
103333
10331033
103197
103178
103172
103144
103100
103068
102996
102976
102974
102963
10293
10290970
102899
102898
102896
102884
102879
102877
102868
102866
102832144
102810
10279
102776
102765
102754
102696
102685
10268
102679
102668
102654
102602
102600
102588
102582
102581
102554
102553
102480
102470
102467
102460
102451234
102402
102382
102381
102373
102368
102367
102365
102301
102283
102281
102278
102253
102172
102169
102167
102166
102165
102163
102110
102084
102080
102077
10207
102066
102030405060708090
102030102030
10203010
10202
1020102
102003
101aaa
101999
101997
101993
101990
101989
101969
101964
101959
101958
101957
101952
101918
101897
101875
101820
10171017
101700
101692
101645
101472
10147
101465
101399
101387
101384
1012nw
10122000
10121952
101203
1012000
10119
101157
10112006
1011199
10111964HW
10111957
101056
10102007
101010aa
101007
10100
100956
100953
10091949
100899
10087
100853
100850
10082003
10081958
10079
100762
100757
10072010
100668
100659
10062005
10062002
10061949