100565
10052006
1005199
10051957
10051954
10051947
10051945
100463
10046
100456
100452
10042006
10041955
100403
100370
100363
100355
10032007
10032001
10031957
10031955
100303
100301
100300
10029
100253
100251
10021954
10021953
10021947
10019
100160
10016
100155
100150
10012008
10011956
10011955
10011953
10002000
0zero0
0o0o0o
09VIV
09uthf09
0998
09900990
09876b
0984
0982
097531
0954
09270927
092661
092378
092097
092068
091978
091977
091666
091273
091268
091261
091258
091255
09121954
09121952
09118
091169
091168
091162
09111956
09111900
091065
091060
091054
09102005
09101956
09101954
090997
09098
090961
09092009sophie
09092004
090909a
090907
090896
090894
09082001
090808
0908070605
090801
090772
090765
090764
09072003
090698
090668
090665
090662
090661
090659
090653
09062007
09062002
09062001
09061959
09061955
09061954
09061951
090594m
090561
09052000
09051952
090502
090499
090490r
090470
090465
09042004
09042002
09042001
09041955
09031956
090299
090296
090269
090260
090256
09022002
09021954
09021949
09021947
090205
090198
090169
090157
09012002
09011957
09001286772
0897
0896
0881081
0871
0860
085231
0836
0833
0832
08290829
08230823
082001
081975
081972
081380
08121959
08121955
08121954
081166
081159
08111967
08111959
081066
081065
081061
08102002
08101952
08098
080970
080961
080959
080955
08092010
08092002
080866
080865
080864
080862
080858
08081955
08081954
080809
080807
080798
080796
080751
08071962
08071956
080673
080671
080668
080663
080660
080657
080652
08062002
08062001
08057
080558
08051999
080505