080502
08048
080401
080389a
080360
08031950
080308
080301
080271
08021958
080198
080163
080159
08011950
080102
0796
0782
0767
0766
0764
0760
0759
0758
0756
0751
0739
0733
072966
072478
072368
072275
072200
071996
071991
071964
071780
071777
071579
071421
071298
071267
07121996
07121959
071197
071167
071164
071160
07112004
07111951
07111950
071066
071059
071056
071054
071045
070996
070965
070960
070959
070958
07092003
07092001
070903
070900
070899
07087
070866
070864
070860
070854
070847
07081956
070766
07072003
07072002
070665
07061954
07061952
07061950
070606
070568
070560
07052003
07051960
070471
070468
070467
070456
070455
07042002
070406
070366
070362
070359
07031962
07031949
070307
070302
070295v
07028
070265
070262
070261
07026
070257
07021955
07021951
070201
070200
070199
07019
070164
070157
07012009
07012004
070101
0696
069272815
0677
067409181
0673
0672
066601
062981
062868
062400
062180
062078
061978
061973
061966
061771
061700
061667
061600
061466
061269
061268
061261
06121960
06121954
061199
06118
061167
061155
06111963
06111961
06111955
061097
061058
06101949
06101947
061012
060997
060996
060965
060956
06091949
06091946
060871
060869
060860
060859
060856
060855
060850
06081982h@d!
0608198
06081959
060806
060801
060799
060796
060766
060762
060754
060752
06071959
06071958
060697
060673
060664
06062004
06062001
06061944
060608
060605
060560
06052006
06051964
06051957
060497
060473
060465
060464
060459
06042006
06041952
06040
060397