060393
060376
06032007
06031956
060303
060267
06022000
06021953
06018
060159
060157
06011955
06011949
060102
0573
0557
055555
0551144kolya
0549
0546
0538
05364335845
052980
052899
052571
052272
052178
052169
05210521
05200
051987
051983
051976
051972
051971
051967
051867
051598
051380
051299
051296
051255
051251
05122002
05121999
05121953
05121951
051205
051164
051159
05112003
05111968
05111955
05111952
051096
051051
05101969
05101957
051
050997
05091967
05091956
050871
050869
05082004
05081953
05081952
050806
05078
050773
050767
050764
050760
050755
05072010
05072004
05071966
05071957
05070
050698f
05068
050659
050658
05062004
050609
05060
050555
050551
05051958
05051952
050466
05041954
05041953
050360
050358
05032009
05032008
050270
050264
050260
050259
05022010
05021954
050198
050167
050159
0500
0476
04690469
0462
0451
04340434
0431
043079
042854
042801
042674
042596
042483
042179
042078
041994
041793
041775
041675
04140414
041400
041367
041296
041295
041270
041250
041204
041198
041158
041097
040962
040960
04091953
040898
040865
040863
040856
04082007
04077
040763
040759
04072008
040704
040659
040657
04062003
04061965
04061958
04061953
040598
040561
04052006
04052004
04051951
040466
04042005
04042003
04041958
04041947
04040
040355
040298
04022008
04018
040173
040150
04012003
04011954
0396
0394
0381
0376
036987
03650365
03615720
0355
0351
0342
0335
033099
032898
032789
032676
03224821016
032165
0321519
031990
031989
031987
031983
031980
031977
031969
031962