031643
03127
031265
031258
031207
031206
031165
031161
03112005
03111999
03111960
03111956
03111952
031103
031065
03106
03102005
030994h
030974
03097
030968
030965
030962
030955
03091962
030903
03088
030875
030869
030868
030861
030859
03081955
030801
030767
030761
030749
03072001
03071952
030708
030707
030698
030666
030658
030653
03062009
03062008
03062007
03062003
03061958
03061956
030606
030557
03052001
03051956
030456
03042001
0304198
03040304
030368
030357
03032001
0303198
03031958
03031952
030308
03028
030261
030259
03021952
030169dennis
030165
03011961
03011949
03011948
03010301
0297
028832
0286
0270
0265
0258741
0258456
0257
0253
0250
02468
0245
024024
023134511
023023
022377
0223744
022265
02210221
021998
021989
021986
021981
021980
021972
021968
02190822
021899
0215krl
021598
021499
021497
021492
021299
02122002
02121999
02121954
02121953
02121950
021199
021163
021160
02111960
02111955
02111953
02111951
02110211
021060
021059
02102008
02101956
02101954
02092006
02091952
02082008
02081951
020806
020769
020766
020764
020757
02072008
02071958
02071953
020704
020666
020665
02062010
020600
020565
020560
02052007
02052002
02051954
020507
02048
020459
02041960
020371
020358
02031953
020308
02030203
02028
020272
020271
020267
020260
02021952
020196
020163
020159
02012006
02011947
01decxz
0194
0167
0166
0165
0160
0158
0152
0150
0147896325you
01430143
0137
013666
0135
013486
013195
013180
013170
01300130
012878
012774
012663
012375
0123654
0123012
012005
011998
011981
011971
011966