buster12
buffa
buddy2
bucks
bryan1
browndog
bread
Brandy
boston1
bonovox
bmw318
bmw2002
blunt
blackops
blackice
Black
biguns
bigjim
big1
beverley
bellaco
beerme
basement
band
bajingan
badboys
badabing
ayanami
audia6
atreides
Ashley
asdas
argyle
architec
ankara
Amanda
allah
advanced
abc123456
a1s2d3f4g5
9874123
666333
6661313
651550
5151
31121982
31071988
30111982
30101985
30091987
30081986
30071991
30071982
29111985
29071993
29051991
29011991
29011980
28111982
28101991
28091988
28041990
28021988
28011991
27121990
27121981
27111992
27111984
27081988
27031984
27021985
26071985
26061990
26041987
25111985
25081994
25071984
25051986
25051983
24111988
24111985
24111982
24091988
24091984
24081985
24051991
24041987
24031989
24031981
24031980
24021984
24011988
24011984
23051989
23041984
23041983
2300mj
2244
222111
22061982
22051985
2205
22021994
22011990
21121991
21101980
21091991
21081991
21081988
21081986
21061991
21041988
21041983
21031992
20101984
20101982
20091985
20021993
1Michael
19621962
19091987
19091980
19071991
19041993
19041989
18121988
18111985
18071991
18051984
18041984
17091981
17081987
17061982
17041988
17031986
16091992
16081980
16061981
16041992
16041989
16031992
16011988
15121984
15101985
15061993
15051993
15021984
14071989
14061986
14031991
13111989
13101986
13091982
13081983
13041986
12349876
12345d
123456f
12345687
123456789123456789
121121
12091989
12091985
12061989
12061985
12051983
12041982
12011992
1110
11081991
11081980
11061992
11061980
110442
11041992
11001001
10241024
10081981
10011985
0o9i8u7y
09111988
09111983
09101984
09091985
09081986
09081984
09031992
09021987
08111987
08081984
08051983
08041992
08041990
08031989
08031980
07121984
07111982
07101983
07081985
07071994