craven
cousin
court
corbin
cooking
contortionist
confirm
comcast
cnfkrth
cheesy
charge
calvin1
caleb
buddys
bluestar
bloke
block
blender
bionicle
billabong
bernardo
Belly
beavis1
beating
bassoon
basic
b12345
audi80
asthma
asdfgh1
archery
aqwzsx
anytime
anton1
anfisa
android
aliali
alert
adelaide
aassdd
aaaa1111
963258741
911turbo
6uldv8
666555
567567
4949
42424242
333999
3141592
31101985
31071989
31071984
31011992
30091988
30091983
30011993
2wsx3edc
29101990
29071982
29061982
29031987
28111989
28101985
28091993
28091986
28071993
28071982
28061989
28031989
27121989
27111986
27111982
27081987
27051988
27041983
27011982
26121986
26111978
26101988
26101983
26041989
26031982
26021986
26011985
25111990
25091983
25071992
25061984
25051991
25041992
25021994
25011983
24111992
24111991
2411
24051988
24041989
23121984
23101981
23091984
23071992
23071981
23021982
22111986
21081980
21061980
21051979
21021992
21021991
210187
20202
20121984
20111989
20081989
20071983
20061985
20041987
20041980
20031989
20021982
20011986
1a1a1a
198888
19121978
19051990
19051989
19011990
19011988
19011981
18121986
18081982
18061993
18061982
18051991
18041989
18031989
17111979
17101988
17101985
17051985
17031989
17011992
16101984
16071989
16051991
16021991
16021986
16011982
153759
15121993
15071981
15071980
15041984
15011984
14121991
14121984
14121979
14111991
14101992
14091984
14081992
14081987
14071985
14011990
13101989
13091989
130588
13041990
13041985
13031988
13031983
13021986
13011991
13011990
123qwe123qwe
1234abc
12345123
1219
121288
12091982
12051982
12041977
12031982
120288
12021989
12021983
12011986
11121983
11121980
11111984
11101988
11101982
11071991
11061983
11041980
11031985
11031980
11011988
110011