2510
25071978
25051981
25041986
2504
25031989
24111981
24081984
24031991
231287
23121991
23111988
2311
23101992
23081992
23071989
23051980
23041996
23021977
22121992
22111983
22081981
2208
22051984
22051982
22041992
22041984
22031981
22011984
21121978
21111988
21101984
21101981
21081989
21061993
21061992
21041984
21011984
21011981
20091990
20081982
20071993
20061982
20011992
20011980
1Qwerty
1a2s3d4f5g
19111988
19101988
19101985
19101984
19091985
19081984
19051981
19021983
19021980
18181818
18111990
18101991
18091983
18041992
18021989
17121991
17101980
17071988
17051979
17041989
17011984
16091984
16081990
15101989
15091986
1500
14121990
14121983
14111983
1411
14101984
14081984
14051992
14051981
14051977
14041982
13121980
13111991
13101993
13101983
13071994
130686
12locked
1234KEKC
12345w
123456y
1234567aA
1213141516
121281
12121983
12111981
121088
12091984
120488
12041993
12011995
1134
1130
1128
11111978
11101989
11081978
11041989
1100
1019
101077
10101984
10061983
10031983
10021993
10021990
10011001
09091984
09061987
09051991
09051989
09051975
09041991
09031985
08121985
08121984
08121982
08101985
08091984
08081982
08061983
08031990
07121988
07111985
07101990
07091986
07011986
06121989
06121986
06081992
06081984
06081979
06041986
05111985
05091992
05091991
05081983
05081981
05081977
05061982
05051984
05011992
04101991
04091989
04071989
04061993
04031994
04031985
03101990
03101986
03081993
03081991
03061982
03051982
03051980
03011989
02101971
02091993
02091970
02071990
012345678
01111988
01101982
01081978
01071981
01051979
01042000
01012006
01011967
010100
00001111
zzxxcc
zxczxczxc
zimbabwe
yfnfirf
woodstock
wingzero
wellingt
webcam
wanda
vova
vorona
virgo
videoes
veronic
vaness
tulip
truffles