93929392
93869386qq
9384
93799920
937999
9371
9369992
9356
9355
9350
9323
9318
9310
930turbo
929929
9296
92929292
9290
9285
9273
92659265
9259
9258
9250
92416355
923692
9219
9218
9215
9212
9208702428
9206532
9202
9200420135
9196
9185
91829182
9178
9174
9169
9156
9154
9146
913a068t34
9139
9137
9133
9127
9121987
91205
9120
911930
91159115
9112001
91109110
9110203
91100
910512
9105
9104
9101991
91019101
9101478595
9100
90jeep
9096522353
9095197
909192
9067755344a
9060
9058
9054
9042
9041988
9031988
9027
9021988
901901
900turbo
90009000
90000
900
8winter8
8trium
8track
8tckhjbi
89mustang
899999
89918991
8990
8986
8985
8972
8963
8962911
89610016824
89606469196
89598959
89568956
89520727541
89518951
89502090940
8943an
8941
892892
89262572372
89218133426
89158915
8915
8914
89118637920
89085030336
89065147454
89021
88d027
8898566
8894
888888a
8888889
8887529
8883
8876
8874
886644
8865
8858
885588
8849
8846
884488
8833
88317025885
8821
881696
880880
8806
88018801
88008800
880050600
87UZd
87buick
8799
8787898
87878
8783
8782
8779
8776
8775
8772
8771
87651234
874744
87328732
8727
8712
8707
8701
8698
869110
8690
868613
8681
86753o9
8675309j
8675309a
8659
8652
864662yp
862862
8617
8610
8606
8596
858858
8566
8565
856321
8562
85588558
85586123
8555773
8550
8547
8546
8545
8543
853853
8538
8532
852951
85246
852456q
8524560
852123q
85207410
8513
84ruits
8494
848848