8488
8484813
8477
8473
84698469
8466
8458
8457
8450
8449
8436
8432
84258425
84198419
841414
8413
84128412
8406
8404069
8404
8401
83pony
83d34jd4
8399
8355
8347585
83388338
8336
8334
8331
83308330
83307741
8328
8321
83178317
8317
830222
829567
8288
8287981
8279
825858
8254
82528252
8241
823823
8234
8233
822822
82258225
8223
8213
820523
8203562q
82033jun
8198
8177
8166
8163
8159
8150
814814
8138
8136146
8135
8130
8120
811811
81181
811112
8110
81088
8102
8101991
80vette
809858185
809809
80979057356
80978288796
80974400365
80969686976
8095qq2255
80955328095
80951790253
808330
807945
80679456691
80673945177
80672829473
80668066
80666504123
80665661869
8065
8060
8056
80541396
805020
80486
8044
803422
802944
8023
801801
80128012
80098009
800808
800706
8007
8004
8001
7zwnc9mz
7x9of5jGfC
7u8i9o
7turkey7
7tiger9
7s7e7a7
7pss3t
7no89
7lucky
7lancat
7klass
7hills
7h7Yvnhu9l
7g4me2
7b4k9znKeW
7angels
7a7b7c
7a5637
799999
7999
79977997
79897989
7987
7980695
7960
7956
7948
794685
7946138520
79447944
7942
7916
7915
791346
790790
7901
78tfp12
78botes
789963321
78987898
7896325
789456123v
78945612300
7894560
7893
789123a
7891235
78912345
7890uiop
788778
7887
78789
787878d
7872445
7866
7860
78557855ur
78547854
78501
7850
784784
7846
78457845
78455487
78451263
7843
7833
7825537
77cd8b
7798
77877787
777aaa
7778777
7777777i
7776777
777666555
77766
7775777
777555777
7773777
777200
7771pri
776777
7765
776098
7759225
7758258
7754
77497749
7743