7742
7737
7736qshi
77346900
773469
77227722
77219600
77197719
7719
77187718
77177717
77167716
7716
7712
771004
7709
7706
7703
7695
7691
7688
768768
7670
7656942
76547654
7644975
7636
762x51
762x39
7626
76167616
7616
7603
7600
7599923
7598
7592
759123
7585
7579
7575111
7572
7565
7563
7561
7552
7551
75508369202
7546
7545
7542
7540
753753753
75369
75327532
7532147
753159852
753111
75307530
7516r
7506
75017501
74nnova
7486
7485
7482
748159
74806344
74787478
7478
747600
7471
74656
7459
7458
745698
744941
74322
7430
7427
74257425
74196
741852a
74174174
7415953
74159
741111
741010
741000
7400
73camaro
739999
739739
7396
737kkbLskV
7372323
7368
7363
735735
7354
7350
734734
7344
73437343
7343
7332874
7327439
732720
7323
7319
731667
73102777
7302
72nova
7299
7298
729183
7290
7289
7270
7269
725796
7251
724868
7244810
7244
7242
7241
7240166
7233
7226
721945
7211033
7202651
718110
7179
717733
71747174
7174
7171717
7158
7154
71510
7151
71495
7146
71407140
713666
7129
71197119
7119
711630
71137113
71121w
7112
710split
7107
7104
70cuda
7099
7089
7082935
70777077
7077
7076
7066
7063854
7062
7054
7051
7048
7044388
7044
70419
703703
7035
7030
702222
7014
700800
7007007
7004
6yhnmju7
6u3a990o
6thsense
6months
6million
6ec9049300
6doHF6Aj
6chome
69nova
69mustang
69monkey
69mets
69fuck
69e5d9e4
69cougar
6996123
699600
6982