697989
69796979
697777
6976
69726972
697269
696996
696975
696968
696942
69636963
6960
6956
6954
6953
6949
6937
6935
693110
692500
692469
6923
69131
6906380k
68vwa1as
68nova
68mustan
689911
6899
6870
6867
6866
6856
6855
684231
6841
683346
68211398
6802
67rocks
6797
6795
6789kk
678999
6789133
678678678
6783
678170
6771vxc
676867
6767679
6766
6757
6744
6743
6732
672672
6714
670311
670000
6700
66vette
66tiger
66pony
66chevel
669977
6689
668866
66846684
6682
66816681
6681
66780724
6672
6670
666sex
666howdy
666dog
666asd
666a666
66699969
66699913
6669991
6667666
66666669
66666613
666135174
666013
6657
665665
665577
665544qwerty
6654321
6643811
6643
6641
6639
66366636
6631
662266
6621
662044
661rpy
661966
6613
6611222
6611
6606
6603
65zipp
65876587
65854525
6583
6582
656556
6561
6560
6557
65566556
65526552
65465
6544
654321g
654321d
654321b
654321654321
6539
6525607
65246524
651701
651651
65152025
6514
651161
6509
650650
6506
650313
64983
6491
6481
6479
6478
646999
64646
64636463
6457
645482
6453mike
6448
6441
64346434
6430
64288r54
6428
6423
64226422
642222
642135
64171226
6415
63vette
63mike
6394
6391
6389
6384
636sherm
636666
6366
63656365
6363258
6357582
6354
6335
6333
6330
6328
6326bc
63256325
632541
6318
6310
6304
6303
6302
6298
62977
6296
6291
6290
6284
627846
6269kevb
6260
6254
62523b
62426242
62366236
62356235