623162
6228
6225
6223
621621
620888
619999
6180
6179
6175
6173580
6167085
616666
61600
6157
6153
6150
614614
6145
6140
61356135
6130
6124
61236123
6121888
612122
61206120
611205
6111976
6111
6109
6102
6101973
6098
6088
608277
6080
6077
607607
6075
6072
60708090
6068
6062
6061983
6045
6031
6027
602602
601911
6014
601230
600grit
600500
6005
60000
5uperman
5tkeprfq
5tg5tg
5t78vst44
5rh0man
5r5r5r
5r4e3w2q1
5nauwx
5liter
5girls
5994
5991
5982
5981
597597
5963bbb
5955
5952
5950
5945
5937
593559
591983
59095909
5904
5902
5896
5895740
58911985
588888
587587
587412
5873
5867hibs
5866
5856
58445844
5842
5841
5835
583154
582pjcy4
5829
582582
5824
5821
5818
5810219
5810
5808
5803396
57frodo
5796
5791937
578578
5780
57755775
577402
5768
5767
5760
5750042
5748
5725
5709
56tygh
56chris
56belair
5685
568356
5682
5681
567andrey
5678yt
567894
56788765
56781234
567326
5673
56725672
567156
566999
5668
5664
5659
56585452
56575859
5656565656
5655
56545654
5651
5650848
564986
56475647
5645
56415641
5637
5635
563412
5625
562389
56210073
5617
56165
56151019
56077086
560560
5603
560000
5600
55cWszsw2L
5592
55915591
5588787
5587
5586
558558
558328
55831111
5583
5582
5581
5580
557788
557600
5573
557236
556055
556000
555sss
555qqq
5558795
555667
555657
555655
55555z
555555q
55554444
55552222
5554895
555356510
555321
5550105
5549