5548
55443
55415541
554100
55385538
553553
55305530
55285528
552555
552552
552355
552299
552244
552211
552200
551994
551979
551975
5519
5517
550532
5501
55005500
54jouf
54955495
549433
547777
547490
5474
5473
5471
54695469
54655465
5462656
5462
54565852
545654
545652585
5448
54475447
544444
5442
543853as
5432523
54321trewq
5426
5423
54225422
541954a
5419
5418i2
54100
5399
5389
5386
53775377
5375
5373085
5368
5365
5363
5357
53545354
535300
5350
534534
5345
53433553hjvfy
5326
53215321
531966
5319
531246
531135
530xh9
5308
5306
530530
52tele
52pickup
5295
5279
527527
5275
5272327
5264542
52621
5254kkd
5254476
525258
52465246
5244
524216
5237
52315231
522522
522411
52235223
52115211
5198
5197
5181
5179
517517
517096
516484
516400
515253q
51525152
5149
5146
5145
5139
5128
5126642
512608
5121986
512123
512110ebv
511999
51180
511345
511071
5105
5101992
5101520
5100Dsho
50plus
508270
5079
506890
5068
5064
5062
5061
506070
50605060
50545054
5054
5051995
50455045
504444
50425042
5042
504030
503503
5035
5034
5026
50255025
5018
501672536
50125012
5011786
50115011
5010999
5009
5007
5004
4x4hits
4winds
4u2nv
4truck
4torque
4toono
4success
4string
4roses
4rfvgy7
4RCwjPkM
4r2x3sp9
4px
4profit
4myself
4myeyes
4muschl
4mikee
4Meonly
4lifero
4justice
4jesus
4green
4F9046R198
4EverMad
4elovek
4CHotSr734
4babies
49erss
4993
4988
498498
4967
4965
495969
4955
4954
49494
4945
4924584
4924