491625
4904
4902
48f69d
4892
4883
486dx2
4863cyl
48625123789
4862501
48625
48554855
4853
4851
4847
4835702
4831
4827
4821
4818
481481
48121620
4812
4806
48004800
47alpha
4798
4792
47892knjq333
4788992
4785
478478
478294
4781
4780
4772
4766
475910
4738
4719
4718
4717275
471100
4708
470021
4699
4686
46825
4679
46684668
4666037
465211544
464464
4642
4636
4631616
4631
4626
462462
4622
461bvf11
4619
4606
4600esb
459800
45874587
45864586
4581
45784578
4577
456def
45698
45684568
45677654
456753159
455563
455545
45474547
45449
4543
454000
4536
4535mark
453453
45333
452585
4525
452452452
45234523
45214521
4518
451400
4512367890
45114511
450sel69
4497
448899
448844
4481
4472
4471
4470
44694469
4468
446444
445sfs
4457
44564456
44558899
4454770
445344
44504450
444499
44443333
4443003
44334433
443344
443311
4430430
4429
44274427
44254425
442211
4409
440011
4391
4384
4375
4371
4361
4360
435wetdsf
43544354
43524352
43514351
4345
434444
4340
4330
43284328
43242
4324
4323
4321321
4320
4319
4308
4307zhw
4307quant
4306
430-43-034-
4288
4281356
427978
4271976
42698991q
42694269
426842
4267
426452
426440
4261
42434243
4242564
4234
42256974
422442
422424
42214221
42154215
421300
42114211
421111
42100
42074207
420587
420316
4200420
4197809
41964196
419419
4187957
4186
4185
418418
41794179
4179
4178
4171
416465
41644164
4156
41554155
4154
41526
41424344
41264126
412365
412222
4121985