4111988
4108fuck
4107
4105
40love
40dd40dd
409542toxa
4094696
4091
4084
4079
407198
4069
4065
4057
4056923
4055259
405405
405222
4052
40474047
4046
4044
40424042
403921
4038
40364036
4034
4031988
4029
40254083
4022
4016
4015
401111
4009
400404
3zzchyp4
3x1ba1
3three
3RjQdxCNMRC568
3putts
3nftp9
3lions
3kH07nvz
3edc3edc
3ed4rf
3e4r
3dstudio
3doorsdown
3day
3daughters
3amigos
39983998
3997
3992
39913991
3979728
3979
3971
396bbc
3962
3959
3945
3944
3943
3941998
3932
3930
3928
39258750
392293
39153915
39026504
3902
390000
3893
38853885
3880
38790607
3878
3875
3861
38543854
3851
384899
38463846
3839
3837
38343834
382382
3821998
3821
381w1b0
3815
3810
3808
3805
380101
37vl8585
3792
378106
3771
37663766
3766
3763
3757
3755
37507933
37483748
3748
37453745
3735
3730
37292842
372900
372066
37203720
3717
37103710
3709
3701
370000
36o6mphs
369874123
3694
369146
3687
3680
3677
3674
367367
366666
36663666
3658
3657
365656
36563656
36543654
365412
364CAB
36391468
36386988
3637
362536
362399
36223622
362236
3619
3618
3612
36103610
3610
3607
360525
3605
3602
3601063
3600wood
36003600
3593
357magnu
357cimbom
35799753
35795
3572
357173
3565
35643564
3561864546w
3551
3549
35443544
3533
353137
3531
3526
3523
35213521
3514
350lt1
3509
3499
3491623
3490
3488falc
3487
34863486
348546
3484
3482
3480
3475
346969
345987
3453
3448
3431
3430
3427