341341
3407
3404
3402
33wj0c
33993399
33813381
3380
336655
336336
3363
33563356
3352
3351
33483348
3348
333www
333ttt
333999333
33387904
3333dave
33322211
33322
3329
3328
33263326
3326217
3323433234
332333
332200
33203320
331979
331845
33163316
331177
33103310
330954
3304150t
33003300
32963296
3293
329111
3289
3287
3283423
32833283
3268ramo
3267
326452
326435
3259
3256
325444
3252
32517
32453245
32357
3232323
3230
322bingo
32299
32293229
3223322
322332
321hhh
3218
3216549870
321567
3213213
321123321
32083208
3206
3203
32003200
320032
31973197
3191
31893189
318842
3187
31813181
3174
317180
3165
316497852
31623162
31613161
316
3159
315820
31563156
31543154
3152
315120
31416066
3140
313977
3133731337
3128
312650
31223122
3121990
3121984
312111
312000
31198
311967
3118
31163116
311267
311263
311259
311256
311251
31122009
31122003
3112198
31121959
31121958
31121954
31121950
31121948
311207
31120
311098
311097
311067
311065
311062
311055
31102007
3110199
31101957
31101956
311008
310899
310883n
31088
310863
310859
31081999
31081955
31081954
310807
310800
310765
310740
31071949
31071947
310704
310599
31057
310560
310554
31052006
31052002
310366
310360
310352
310334
31032006
31031955
31031953
31031950
310309
31017
310168
310166
310150
31013323
31011958
31003100
30days
3097
3092
3084
30763076
3076
3074
3065
3061
3059
3054
3051989
3051987
30503050
3049
304711
3047
30467705
3043
3041991
304117
3041
3038
30363036
303333
3031989
3027
30223022