301995
301971
30190
3016
301296
301254
30121959
30121956
30121949
301203
301168
30111999
30111957
301106
30109
30107
301057
30102002
30101958
30101956
30101954
301005
300mag
30097
300967
300966
300965
300961
300959
300957
30093009
30092005
30092003
30091955
30091954
300905
300899
300869
300858
30083008
30081964
30081946
300796
30078
300767
300765
300763
300759
300753
30072008
30071961
300699
30069
300674
300662
30066
300659
30062009
30062008
30061956
30061954
300609
300607
300599
3005875
300571
300560
300554
30051999
300506
300471
300461
30046
300458
30042003
3004199
30041950
300362
300352
300350
300330
30031951
300305
300164
300159
30000
2z6pqi3t
2xtreme
2WRN21MK
2wizard
2wheels
2w4r6y8i
2uef2fL1eE
2stars
2smart
2sexy
2ricky
2quick
2PX00
2percent
2pass2
2million
2labnip
2kool4u
2hot4u2
2horses
2hard4u
2green
2ghmnkj
2freedom
2ezLgic37H
2dogs2
2daughters
2corvett
2cool4u2
2close
2boobies
2b1ask1
2axe291
2aru5tvc
2angel
2aces
2a2a2a
299992
2998
2997
2995
29926548
29917130
2990
2987xm
2985
29832983
2982
2980
2962
2952
2946
2945
29432943
2940
2938
2931
291996
291993
291985
291983
291980
291973
291968
29162916
29152915
2915
291299
29129
291267
29122009
29122008
29122001
291206
291165
291164
291158
29111998
29111951
291060
29102910
29102005
29102004
29102002
290998
290967
290964
290959
29092009
29091948
290899
290873
290861
29082002
2908198
29081950
29081946
290807
290802
29079
29077
290758
290751
29072007
29071950
29071947
29067
290668
290661
29062906
290565
290563
290554
290552