30061990
30061984
30041984
30041983
30031979
29121992
29101989
29091989
29091983
29071980
29041980
29021984
29011984
28111985
28101989
28101979
28061981
28011986
27111978
27081984
27021988
27011989
2663
26121988
26121981
26111988
26101985
26101981
26081990
26051992
26051989
26031989
26011992
26011984
25121991
25091982
25071981
25071980
25061983
25061981
25031985
25031982
25011984
2412
24101994
24071982
24051984
24041983
23121988
23111991
23111984
23111983
23081983
23061991
23061986
23051981
230383
23031984
23021978
228228
22334455
220689
22061992
22041982
21101990
21101982
21091982
20111991
20111990
20101992
20101990
20101985
20071987
20021984
20011990
1a2a3a4a
19121990
19111990
1908
19061988
19041983
19041978
19031986
19021992
19011982
18121989
18111992
18111982
18081985
18061983
18061980
17121988
171186
17101989
17091992
17091982
17091979
17071992
17071983
17061993
17051982
17041983
16121988
16101991
16071993
16061991
15101981
15061994
15061991
15041981
150385
15031994
15031983
15011993
15011982
1432
14101993
14071984
14061987
1406
14041993
14041976
14031980
14031978
14011984
14011982
13245768
13081978
13061981
13041992
13021995
123mudar
123456789l
123456789123
12345612
12340987
121282
12111988
12111986
12111982
12071980
12051984
120489
120485
12011984
12011980
1122334
11121991
11101979
11091992
11091991
11081993
11051983
11021983
10111982
101082
10091983
10061980
10011982
09121992
09101982
09091979
09081989
09061984
09051978
09041982
09021991
09021985
08101984
08091981
08081991
08071991
08051986
08051985
08051984
08031982
08031977
08021986
07121985
07071983
07041979
07031984
07021985
06121987
06111982
06061991
06061984
06041991
06011990
05111990
05101987
05051981
05031983
05021990
04111990
04111985
04101990
04071990
03111992
03091982