2905198
29051956
29051954
290504
290503
290498
29041956
29041955
290364
290358
290355
290353
29031955
290306
290304
290204
29018
290162
290158
29012003
29012002
29011961
29011954
28inferno
2896vatz1
2895
288gto
28892889
2884
288222
28812881
2867
286469
28482848
2847
28461937
2842
2840
2839
28232823
282282
281993
281988
281983
281981
281976
281614
281298
28129
28127
281265
281263
281262
281258
281253
28122812
28122003
281207
281159
281153
281151
28112007
28112003
28111954
281108
281100
281098
281071
281068
281065
281062
28102010
28102003
28102002
28102001
2810199
281010
280999
28097
280960
280956
280953
280905
280861
28082003
280805
280803
28078
280769
280767
280764
28071999
28071954
280669
280663
280661
280660
280651
28062003
28061958
28061956
28061952
28061949
28057
280558
28052001
28051953
28051951
280500
280473181rx
28042006
28042002
28041954
28041953
280398
28039
280368
280365
280363
28031956
280301
280299
280269
280260
280259
280252
28022008
28022002
28021958
28021954
280156
280154
280150
28012002
2795
2794
279100
2790
2789
2785
27818789
2780
277277
277272
2772212
2769brut
2762
274539
2743
27332733
273273
2732
273027
27292729
272207
2720402
271994
271975
27197
271967
2717
271396
27132713
27127
271265
271259
27122007
27121953
27121951
271157
271127
27112003
27111951
27111946
271111
271099
271098
271061
271057
27102008
27102001
27101952
270wsm
270win
27098
270921
27092006
27092005
27092002
27092001
27091956
27091952
27091951
270901
270870
270865
270859
27081956
27081954
27081948