27081946
270805
270762
27071958
270699
27062001
27061958
27061957
27061955
27061952
270565
27052002
27051952
27049
270463
270454
27041955
270408
270407
270400
270397
27039
270373
270359
270357
270351
27032009
27032003
27031957
27031951
27029
27027
270260
27022006
27022003
27021953
27021951
27019
27018
270163
270161
270157
270151
2701200
27011956
27011953
27011949
2699
26922692r
2691412q
2686
26841397
2683
268268
267539
266pafbh
266958
26592659
26572657
2656
2653499d
26524519
26492649
264850
26442644
2640
26382638
263646
26342634
263263
2632
263002
262632
262616
26232623
262000
261990
261984
261981
261980
2619
261272
261270
26122009
26121999
26121956
26121955
261165
261161
26112006
26111952
261100
26108
261058
2610198
261008
261007
260952
2609198
26091957
26091956
26091955
260908
260900
260899
260897
26088
260866
26082006
26081958
260808
260768
260767
260764
260763
260762
260756
260754
260753
260752
26072006
26072002
26071954
26062008
26062006
26061951
260601
26051956
26051954
260465
260458
26042007
26042005
26041955
260408
260400
26040
260374
260364
26032004
26031949
26031947
260291m
26029
260267
260266
26022602
26022009
26021958
26021950
260206
260198
260162
260158
260157
260146
260108
25or6to4
25lifebmx
25fduecnf
25falls
2595
25882588
25852585
2584563
258147369
2580123
2576850a
25752575
25722572
25682568
25602560
25521tg
25508696
255075
254565
254452
25442544
253742
253634a
252927
252729
252525qweasd
252525a
25232523
251999
251994
251990
251983
251974
251970
25142514
251255
251225
25122007
25121956
251206
251163
251162
251125