2511198
25111952
251108
251092h
251061
251049
25102510
25102002
25101998
2510198
25101961
25101956
25101953
25101952
25101949
25098
250955
25092509
25092006
25091961
25091957
250900
25087
250861
250855
250854
250853
25082508
25082001
25081954
25080
250799
250751
25072007
25072005
25071953
25071950
25067
250667
250660
25062506
25061949
250606
250557
25051965
25051956
25051952
250506
250464
250460
25042504
25041952
25041950
250400
25037
250367
250350
250309
250267
250265
250263
250251
25022005
25021954
25021950
250157
250153
250125
25012006
25011953
25011950
25011947
250103
250101
250025
24xmax
24hours
24991091b
248941
24892489
24877035
24872487
2484
24747962
2472123
24704492
246924
24691356
246900
246899
24689
246855
246850
2468097531
246666
245780
245680
2455524
245542
24542454
2452
24512451
2445
2443636
24422442
2441725
2440
2437212
24332433
24252
242425
242344
24232423
24212421
242008
241988
241987
241985
241984
241983
241979
241976
241975
241968
241962
241957
241951
2419200
241290m
241261
24126
241252
24122005
24122003
24122001
2412198
24121957
24121956
24121948
241206
241159
241153
24112005
24112004
24112003
24111955
24111954
241103
241067
241060
241059
24101965
24101964
24101953
24101952
240998
240997
240960
24096
240959
24092008
24092006
2409198
24091952
240869
240864
240858
240857
240852
24082010
24082003
240808
24080
24077
240758
24072006
24071954
24071952
24067
240667
240654
24062002
24061953
240604
240600
240561
240559
240558
240556
240536
24052405
24051954
24051950
240506
24049
24047
240463
240458
240456
24042008