24041957
24041953
240407
240369
240365
240363
240356
240355
24032001
24031955
240309
240259
24021996j
240159
24012401
24011954
240106
23atdhfkz
23872387
2386
2383
2382030
2379
23752375
23698741
236523
2364
236000
2356945t
23569
235000
234qwe
2348916
234789
234543
23432343
2343143
2342923429
23422342
23419968
23362336
233345
233333
233275
2332321
232623
23242526
232407
232332
23231
2322232
231993
231989
231988
231967
231526
231264
231262i
231257
23122003
23121959
23121955
23121954
23121952
231206
231204
231192n
231157
231065
231059
231054
23102004
23102002
23102000
23101948
231007
231003
231000
230997
230962
230958
230948
230945
23092006
23091947
230906
23087
230864
230857
23082308
2308198
23081961
23081954
23081953
23081950
23081949
230804
23078
230759
230758
230754
2307200
23071956
23071949
23069
23067
230650
23062008
23061957
23061955
23061953
23061952
230613
230601
230559
230555
23052305
23052006
23051950
23049
23047
230460
230458
23042005
23042003
23041957
23041951
23040
230355
2303199
23031951
230306
230302
230262
230260
23022009
23022008
23022007
23022003
23022002
23021964n
23021951
230208
23012006
23012005
2301198
23011957
23011956
23002300
230
22po21
22987789
2298558922
228888
22845341
227777
22762276
22732273
22652265
22632401
22612261
225722
22558
225544
2250374
224920
2247bbdg
2245182
22446
224120
22402240
223456
223422
223377
2233445566
2232905
223255
22312231
222bbb
222555888
222345
222326
222299
222244
222122
22212
2220814
221973
221961
22152215
22152
2213079
22129
221250
2212199
22121958
22121956
22121955
221165
221161