22112010
22112001
2211199
2211197
22111950
221111
221068
221056
221049
22102006
22101958
22101950
22101949
221000
220958
220922
22092006
22092003
22092001
220905
22090
220899
220875ss
220865
22086
220857
220855
220854
22081957
220761
2207198
22071956
22071954
220707
220657
220653
220608
220601
22057
220560
22051959
22051951
220508
220506
220458
22042008
22042001
22041958
220405
220367
220266
22022006
22022003
22021995m
22021957
22021954
220207
220204
220161
22012
22011952
22011948
22007
22002200
21rio
21jumpst
21fduecnf
21drone
2192
2175
2172
21602160
215345
215215215
214kob
21472147
214647
21458798a
214560
21442144
21432143
2140kob
2133dd
21332133
213249
213214
21302130
2129040
212321
21232
21221
2121212121
212112
212100
212016
212000
211995
211992
211990
211978
211967
211825
21182
21152115
21132113
211263
211260
21126
211257
211244
2112223
21122006
211208
211207
211206
211201
211189m
211153
21112111
21112005
21112004
21112003
2111198
21111948
211067
211063
211053
21102004
211008
210960
21091954
21091950
210902
210856
210855
21084
21082006
21082004
21082002
21081962
21081950
210807
2108032
210757
21072000
21071959
21071953
210700
21064432
21062010
21062007
21062002
21061953
21061950
21057
210551
2105199
21051954
210508
210500
21042011
21042008
21042003
21041961
21041952
210395m
210364
21036
210356
210353
21032004
21031955
21031949
210279
210270
210265
210264
210260
210259
21021954
21021947
2101979
21017
210161
20-Jun
20fghtkz
208680
2084918
2082
2081
20762076
2076
2074
2060
205313
20502050
2049
2046
20406080
203203