19rosh86
19august
19992010
19992003
19991
19990317
199830
199827
19982011
19981999
199816
19980818
199806
199802
199771
19973121
199730
19972008
19972005
19972004
199719971997
199719
19971887
199715
199703
1996dima
199628
199621
1996200
1996199
199616
199611
19960606
199605
1995sasha
1995lis1995
199529
19952511
199516
19951211as
19951
19950505
19950121q
199444
19942008
19942007
199420
19941992
19941616
19941219
19940209
1994007
199400
1993god
199328
199325
199320
19932
19931997
19931995
19931994
199317
19921998
19921994
19921992q
19921010
19920914
19920306
19920202
1991dima
19914844
199146
199126
199125
199122
19912010
19912
199113
199110
199109
199106
199104
19910
199027
199023
199016
19901005
19892008
1989123
19891212
19891111
198904
198901
19890
198855
198830
19882008
19881991
1988123
19881207
19881011
198807
19880
19878
198755
19871989
19871981
198710
19870507
198677
198631
198629
198628
19861111
1985god
19858
198531
19852010
19852004
19852002
19851990
198508
198501
198499
1984821
198427
198423
19841987
198414
198403
19840102
198379
198355
198333
198329
198327
198317
198313
198309
198301
1982jeep
198285
198255
198229
198228
198227
19822002
198220
198217
198216
198210
198203
198125
19812009
198120
19811982
198103
19810
1980god
19801981
198019
198018
198017
198016
19801
198006
198003
1979ford
197999
19799
197931
197925
197924
19792005
197920
19791982
19791981
197918
197908
197906
197905
19788
197827
19781987
19781981
19781979
197805
197727
197726
19771978
19770
197677
197627
197625
19762000
197607
19757601
197530
197528
197523