19751981
19751978
1975197
197518
197512
197508
197505
197504
197502
197427
197421
19741973
197418
197413
197356
197350
1973465
197345
197327
19731977
19731974
1973111
197311
197309
197308
197306
197226
19721
197207
197204
19711975
19711974
197117
197108
197032
197029
197023
19701995
1970197
19701966
19699691
19699
19691970
196913
196910
196909
196908
19690
19684sheperd
196811
19680411
1967486
196721
196720
1967196
196715
19670122
19666691
19662
19661969
196594
196525
196516
196424
196410
196364
196333
196262
196222
19621990
196215
196210
196201
196008
19591214
195821
195757
195412
195176
1950merc
19502009
1947630
194509
194476
194444
194333
19421945
193719
193366
193000
192944
192939
192837645
192837465a
1927f907
192300
192213
19216812
192100
19200
191994
191992
19199
191986
191976
191975
191971
191969
19129
19122006
19122003
19121998
19121957
19121951
191208
191203
191200
19120
19111955
191105
19110
191084Akz
19108
191073
191066
191064
191063
191062
19102006
19102005
19101957
19101952
191002
19100
190schol
190997
190967
19092008
19092007
1909198
19091954
1908cubs
190868
190861
19082004
19082000r
19081956
19081953
190805
1907cubs
19079
190776
190768
19072001
190700
190657
19062007
19062005
19061950
190608
190555
19052008
19052007
1905198
190498
190497
190469
19042006
19042003
19041956
190396
190364
19036
190357
19031
190304
190303
190294
190271
19027
190256
19022008
19022002
19021953
190202
190177
190171
190162
190155
19012008
190103
1900judy
18xt382e
18thhole
18fduecnf
18991899
1898
1892034
18861958
18831883