18811938
18751875
18720113
18701870
187007
186420
18641864
186282
186000
18591859
18551855
1852hlmn
1852hl
1847
18451845
1837
18346
182blink
18251825
182118
18199
181987
181983
181981
181979
181977
181976
181961
18192
181918
181819
1817
18151815
181423
18129
18127
181260
18121999
18121956
18121948
18121947
181165
181163
181157
18112001
18111953
18109316
181064
181060
181059
181050
18105
18102005
18101954
18101953
18101952
18101951
181010
181007
180999
180970
180959
18092004
18092002
18091999
1809199
18091948
180909
180908
180898
18082010
18082001
18081955
180819
180807
18080
180763
180761
180755
180656
18062004
18061956
18061952
18061951
18061949
18061947
18058
18052
1805198
18051805
180501
180466
180460
18046
18042000
18041950
180399
180352
18032006
18032001
18031953
18031950
18031949
18031946
180299
180297
180264
180258
18021957
18021954
18021951
180198
180162
180154
18012009
18012003
17dt12qw
1795
179317
178239
1782
1776a
177600
17739665
176199
1758576
1757
175000
1747qzx
17471747
174000
1738
17320508
172817
17271727
1726086
172262
171988
171984
17198
17161716
1716
1713
17127
171261
17122001
17122000
1712200
17121952
17121712
171200
17119
171189n
17118
171157
171155
17112008
17112007
17111954
17111949
171107
171057
17102006
170998
170973
17097
170964
170963
170960
170951
17092010
17092001
17091948
170910
170909
170900
170863
170855bs
17082010
17081955
170762
17072009
17071953
170708
170705
17062010
17061961
17061955
170606
170603
170564
170556
17052008
1705198
17051952
17051947
170500
170480c
170465
170463