170459
17038
170365
170356
170354
17032007
17032003
17032001
1703199
17031952
170306
170301
170269
170264
170254
17022006
17022004
17022001
17021965
170201
17020
1701dd
170199
17017
170162
17012005
1701199
17011956
17011954
17011949
170109
16church
169125Bc
1689
16881688
1687
1685
168421
1675
16729438
1672
16712664
16601660
16562044
16501
1637
16341634
16311631
16291629
162534a
16248ce
161999
161995
161971
161970
16181618
161412
161267
161258
161256
161252
161234
16121951
161216
161206
161200
161199
16119200
161160
161149
16112003
1611200
1611198
161069
161068
16106
16102002
16102000
161010
161008
161002
160959
160957
16092008
16092006
16091954
16091953
16091951
16091949
16088
160862
160852
16082001
16081959
16081958
16081955
16081949
160807
16072010
16072008
16072004
16072002
1606198
160567
160563
160561
16052006
16052005
160463
160462
160460
160458
16042008
16042007
16042002
16041958
160365
160359
160357
160354
1603199
16031953
160303
160300
160267
160259
16022002
16021951
16020
160195n
160149
1601197
16011954
160109
160107
16010
15995123
159951123
1598753a
15987456
159753x
159753qwe
159753l
15975385
1597538246
1597534862
1597532846
15973
159632147
159623
159357n
15935789
15935745
159258
159200
15911591
15791579
15781578
1575143h
1572fs
15711571
1570
15641564
156324
156303
15611561
155726
15515
15501550
15481548
15471547
154415
15426378a
154000
153695741
15364
15361536
1533355ddddd
153315
15271527
152600
15253
15221522
152025
151987
151980
151972
151971
151970
151968
15181518
15175738
151719
15161
151415
15127
151257
151255
15122005
15122002