15121951
151207
151206
151159
151156
151153
1511200
15109
151069mm
151069
151063
151058
151022
15102010
15102008
15101949
151
150963
150961
150956
15092005
15092002
15091952
15091951
15089
150868
150860
15082007
15082006
15081955
15081947
150799
150767
150764
150761
150757
15071953
150705
15070
150698
150662
150660
150648
15062011
15062010
15061952
15061950
15061947
15061506
150595m
150593n
15057350
150563
150552
15052009
15052006
15051956
15051951
150500
150461
150457
150456
15042007
15042001
15041952
15041951
150390m
150363
150359
150356
15032010
15032009
15032008
15032007
15032003
15031957
150307
150255
15022010
15022008
1502197202
150202
15019
150162
150151
15015
15012005
15011955
15011501
150051
14slava0797
14-Mar
14feb68
14991499
1492blue
148967
14881488wpcc
148814881488
14841484
1482
148057
14801480
1478963250
147895
147890
147852zes
147777
147753
147669
147258963
147258369m
14721472
146987
14563
14561456
1453mcal
14501450
1449ea
144611
143980
143700
14361071
1435254
143444
143341
143269
143247
143214
142900
142536q
14253678
142300
142222
142020
142002
141996
141995
141993
141992
141990
141988
141987
141985
141730
141714
141600
14151617
14151
141314
14131211
14127
141268
14122002
14122001
14121995vlad
14121951
141210
14121
141198
14118103
141172
141165
141159
141156
14112005
14112002
14111964
14111958
14111956
14111949
14111946
141107
141100
14107
141061
14106
141055
141052
14101955
14101951
140964
140961
140958
140956
14092002
14091999
14091953
14091946
140899
14088
140851
14082006
14082005
14082003
14081951
140769
14076
140759
14072002
14071955