14071952
14070
140668
140667
14062003
1405932009
140562
140556
140554
14052005
14051956
14051900
14051405
140427
14042006
14041950
140407
140400
14040
140391n
140365
140349
14032011
14032003
14031954
140305
140265
140260
140251
14022009
14021955
14021948
14021402
140205
14020
140162
140156
140152
1401200
14011968
14011953
140104
140100
13tiger4
13sundin
13Rhfcyjlfh
13jan78
13a13a
1398144
1395Tier
1390
13888
13887706
1388
13869301
13861386
13792468
13781378
1374544
13691528
136631
136613
13631363
1358kgr
135890
135800
13579k
1357986420
135791357
135790q
1357902
135724
1353
1346798
13467900
13411341
13391339
133900
1336
13321332
133133133
13291329
13281328
132645
1324657980
132456789
132400
13231
132213
13212
131992
131989
131981
131977
131973
13197
13171317
1316124
131518
13151719
131500
131420
131412
131399
13133131
131331
1312682
131266
131265
131256
13121956
131208
131170
13116
131158
131157
13112008
13112006
13112005
13111953
13111948
131113
131102
131061
131059
13102004
13101955
131013
131007
131
130999
130997
130961
13091954
13091951
130865
130864
130856
13081950
130813
130800
130798
130784m
130769
130763
130756
130747
13072007
13071956
13071954
13071949
130713
130707
130662
130656
13061959
13061952
13061306
13057
130560
130554
130550
13052004
1305198
13051956
13051951
13051305
130508
130503
13049
13047
13046
1304198
13041950
130406
130368
13032010
13032003
130269
130259
13022006
13022003
13021956
13021953
130169
130168
130162
130156
130155
13013
13012007
1301200
130100
13000742
12three
12stones
12incher
12fire
12fduecnf
12cnekmtd