122545
12250
122498
122486
122481
122478
122462
12246
122459
122458
122412
122382
122377
122376
122373
122366xx
122366
122331
122324
122283
122273
122264
122225
1222222
1221er
122194
122191
122190
122162
122103
12210
12208
122077
122074
122073
122068
122064
122011
1219adzc
121876
121873
121852
121812
121800
121780
121779
121775
121755
12171990
12168dc
121675
121674
121672
121666
121647
121618
121584
121582
121579
121575
121564
121563
121552
12152
121517
121514
121500
121499
121472
12147
121466
121450
12140
121399
121389
121381
121378
121376
121363
121331
12133
121321
12131415w
1212901
12126
121253
12125
12124545
1212345
12122011
12122003
12121330
121212t
121212qw
121210
121205
121204
12116
121155
121152
121151
12112008
12112005
12112003
12112002
12111951
121107
121059
12105
12102005
12102004
1210198
12101955
12101951
121019
120952
1209199
12091962
12091955
12091953
12091946
120907
120904
120865
120857
120855
120850
12082005
12082002
12082001
1208198
12081958
12081952
120805
120790n
120757
12072009
12072003
12072002
12071956
120719
120652
12062005
12061999
12061957
120607
120556
12051993Mm
12051950
12051947
120448
12042008
120404
120363
120354
12032003
12031958
12031951
12031950
120303
120262
120259
120252
120251
12022002
1202198
120205
120204
120167
120154
120152
120122
12012003
12012002
1201200
12011954
120100
120012
11zaza11
11qwer55
11qq22
11-Mar
11ithink
11dudu
11cib22ru33geg
11audi
11aa22bb
119800
11971197
119634
11901190
11871187
11851185
11811181
11801180
11789
11761176
11742
11741174
11731173