11701170
11651165
1163299
115577
115516
11541154
115000
114711
114432
11421142
11411
11391139
113845
113811
1134209
113381
11337799
11334455
113336
1131214
113091
113085
113074
113073
113065
113011
112999
112985
112979
112973
112968
112967
112966
112881
112875
112870
112855
11284
112798
112793
112782
112696
112669
112660
11259375
112588
112574
11257
11247
112461
112392
112376
112369
112359
112357
112333
11233
112304
11230
112296
112294
112278
11227
112257
112254
112252
112233v
112233s
1122334455er
11223344556677889900
1122333
112233123
1122330
11222
1121991
112199
1121986
112189
112184
112183
112169
112155
112125
11212
11211970
112101
112089
112067
112006
112005
112004
112003
11200
111xxx
111Sanya
111q111
111974
111889
111880
111878
111872
111813
11180
111798
111783
11172
111660
111658
111582
111573
111559
11155
111546
111500
111468
11141114
111380
111367
111342
111264
111248
111224n
11122006
11122005
11121965
11121952
1111qa
1111953
11119
111189n
111149
111147
111146
111133
11112003
11111t
11111p
11111m
11111e
11111d
1111198
11111952
1111155555
111111zz
111111slim
111111aaa
1111111z
1111111w
11111111112
11111111111111
111106
111102
1110sher
111099
11109
111059
11102001
11101954
11101952
111010
110971
110957
110953
1109198
11091952
11091949
110860
110858
11082008
11081999
11081947
110805
110758
110756
11072002
11071952
110659
11062002
11061953
110604
110553
11052003
11052001
11051959
11051950
11051948
110467
11042007
110408
110403
110362
110355
11032007
1103198
1103197
11031957
11031956
11031954
110305
11028