110268
11026
110255
110240
11022004
110220
11021954
11021951
11021947
1101987
110166
110163
11016
110153
11012011
11012005
1101197
11011953
11011911
110112
110110110
110100
110044
110
10qpalzm
10million
10isne1
10atdhfkz
10991099
109810
10921092
1091987
1091939
108812
108566
10841084
10821082
108108108
1071ccn
10711071
10611061
10591059
105568
10551055
10461046
10451045
104510
1041988
104191
10411041
103310
103194
103186
103102
103101
10310
103096
10309
103084
103077
103073
103066
103060
102984
102982
102980
102977
102961
102889
102870
102864
10281028
102788
102784
102688
102676
102667
102666
102656
102569
102567
102557
102556
10255
10250
102465
102458
102455
102452
102411
102374
102359
102358
102351
102345
102299
102293
102280
102279
102248
102202
102199
1021987
1021981
102195
102180
102176
102127ma
10212000
102102102
102098
102072
102062
102040la
102040
102033
102031
10203045
10203040506070
102
101proof
101976
101973
101956
101954
101901
101884
101883
101880
101878
101877
101870
101869
101867
10181
101784
101777
10172
101717
101696
101680
101678
101669
101649
101626
101622
101601
101598
101591
101583
101569
101567
101502
101488
101478
101466
101390
101381
101365
101364
101303
101300
10130
101256
101250
10122009
10122002
10121955
10121954
10121949
101207
101205
10120203
101156
101140
10112003
10112002
10111956
10111953
10111949
10111948
10110999
101103
101100
10106
101051
101042
101032
10102009
10102005
10102
10101984m
10101953
10101952
10101900
101010z
101010s
100watt
100998
10099