100954
10092002
10092001
1009200
10091956
10091948
100905
100904
100861
100856
100852
100851
10082004
10081950
100810
100802
100799
10077
100763
100759
100749
10072005
1007198
100709
100707
100700
10069
100650
10062010
10062003
100600
10060
10051952
100511
10049
100459
100454
100446
10042005
10042004
10042003
10041951
100407
100404
100360
100356
100333
10032004
10031953
10031949
100307
100304
10027
10026
100259
100254
100250
10022010
10022009
10022005
10022004
10022003
10021950
10021949
10020030
1001r474
100159
100154
100146
10012005
10012003
10011957
100107
100102
10010010
10002
1000026
1000001
1000000000
100
0wnzyou
0u8122
0sln8t
0rland0
0racle
0p9o8i7u6y
0okm9ijnb
0hz7wp
0987890
098765a
098712
098567
0966
0963
0955
0953
0952
0948
0943
0934
0933286
093083
093069
092974
092902
092901
092462
092201
092180
092102
091998
09198
091974
091966
091959
091954
091945
091882
091788
091577
091575
091438
091378
091377
091262
091259
09121950
091209
091201
091160
091159
091153
09111965
09111954
09111951
091097
091062
09102003
09102002
09102000
09101955
09101950
09099
090962
090960
090954
09092010
09092007
09092005
090897
09088
090858
09081954
090798
090797
090757
090747
09071958
09071951
090702
090663
09061953
09061952
09061949
090606
090601
090598
090596
090574
090560
09052010
09052003
09052002
09051951
090504
09041960
090354
09031950
090298
090267
090261
09021952
09021950
09017
090168
090163
09012004
09011956
09011952
090101
090078601
0893
08900890
0877
0869
08642
0861
085212
0849
0844