0842
0840
083186
083142
08310831
08310298
082850
082769
082677
08250825
082508
082501
082462
082374
082368
082275
082273
082067
08200820
081994
081985
081984
081966
081964
081877
081686
081675
081620
0815code
081566
081266
081254
08121957
08121956
08120812
081198
081169
081168
081161
08112006
08111948
081111
08110811
081102
081094
081067
081057
081046
081044
08102003
08102001
080999
080963
080958
08092006
08092005
08091999
080906
080900
080855
080852
08082001
0808198
08081957
08081948
08081946
080804
080797
080766
08071958
08071953
080708
080707
080705
080698
080694n
080674
080664
080656
080654
08062005
08061951
08058
08052004
08052002
08051957
08051950
080504
080500
08049
08047
08042002
08041953
08041949
080408
080399
080394m
080366
080357
080355
08032010
08032003
08032002
08032001
08031954
080302
080273
080267
080257
080256
08022007
0802199
08021955
08021951
080162
080160
08011955
08011949
080105
0793
077547596a
0761
0754
0752
0748
074076
0737415
0737
0734
073081
072980
072978
072900
072592
072566
072481
072380
072376
072260
07221967
07220722
07210721
072085
072009
072008
072002
071995
071989
071984
071983
071978
071977
071975
071972
071969
071779
071613
071589
071471
071263
071256
07122005
07121967
071199
071156
071149
071146
07112001
07111953
07111948
071097mama
07109
071062
071057
07102003
07101949
07098
070964
070963
070961
070905
07088
07082006
07082001
070763
070755
07072010
07072004
0707198
07071958
07071953
07071951
07071950
070694n
070657
07061959
07061951
070605
070601
070599