070566
070556
07052005
07051957
07051955
07051954
07051946
070503
070485
070473
070461
070460
070451
07042004
07041953
070404
070367
070364
07032011
07032003
07031959
07031953
070298
070272
070260
070259
070254
07021964
07021953
070207
070198
070160
069324
0681
0679
067409180
0674
0670
066plz
066666
06600660
0656
0655
062897
062693
062666
062654
062580
062576
062495
062173
062169
062160
061999
061996
061988
061976
061859
061768
061562
061375
061267
061265
061258
061257
061254
061251
06121959
061164
061158
06112002
06111958
06111953
06111952
06102007
06101954
060999
060957
06092007
06091958
06088
06087
060865
060863
060857
06082005
060802
06071957
06070809
060701
060669
06062008
06062003
06061960m
06061955
060596
06058
060557
06052009
06051962
06051949
06050
060463
06041979n
06041959
060399
060394
060358
06032011
06031953
060262
060261
06026
060259
060256
060250
060249
06022002
060206
060199
060196
060170
060161
060152
06011954
06011951
06011950
060100
0600
05876485
0566
0559
05566
0555878
0547275964
0535
053174
053078
05302722
052863
0526390960
05250525
052483
05230523
052279
052183
052174
052170
052073
052001
05197
051959
051505
051500
051473
05140514
051355
05130513
051257
051254
05122003
0512198
051201
051200
051197
05116
051155
05111958
051107
051098
051069
051065
051063
05101966
05101947
05100510
05092006
05092004
0509198
05091960
05091954
050908
05090509
050859
050858
050851
050850
05082006
05082003
0508198113
05081960
05081947
050752
050750
05071954
05071949
050709
050707
050686m
050665