050660
050657
050653
05062008
0506199
05061986m
05061953
05061950
050604
050600
050594m
050571
050562
050550
05051957
05051953
050504
050499
050460
050456
050453
05042008
05042006
05042005
05041958
05041950
050371
050366
050362
050359
050352
05032010
05031958
05031952
050303
050256
05022007
05021950
05020
050157
050150
05011954
05011953
050111
05010501
050105
0498
0475
0468
0463
0460
0456
0454
0450
0445
0435
04330433
043067
043063
042869
042868
042779
04261963
042475
042369
04221976
042182
04210421
042069
042007
042001
041989
041987
041983
041981
041978
04197
041961
041959
041900
041878
041681
041679
041578
041269
041255
04121949
041165
041148
04112001
04111955
04111953
041072
041057
04102003
04100410
04092001
04091959
04091957
04091955
04091952
040859
04081956
040808
04080408
040775
040771
040764
040760
040758
040755
040751
04072005
04072003
04071963
04071958
04071952
04069
04067
040660
040648
04061956
04061954
04061951
04061
040607
040597
04052009
04052003
04051952
040509
040455
040454
04041951
040400
04031951
04031949
040304
040303
040258
04021950
040206
040203
040201
040172
040157
040155
04012008
040103
040101
03cobra
03chevy
0392
037552
0368
0366
0361
03570357
0353
0352
0349
0348
0345
0344
034034
0334
032979
032781
032100
032032
032000
031993
031991
031984
031979
031794
031775
031497
031398
031272
031270
031262
03121959
03120
03118
031157
03112008
03111968
03111953
031099
031064
031062
03102007
03102003
03102001
03101959
03101957
03101956
03101952
031001