030971
030966
030957
03092008
03092003
03091966
03091956
03091954
03091951
030897
030856
03081985n
03081956
03081951
03081949
030793
030762
030760
030757
03072010
03072005
03071954
030711
030703
030664
030656
03061955
030546
03052008
03051958
030503
03047822
030474
030473
030468
030462
03041950
030393n
03039
030356
030353
03032011
03031946
030307
030305
030300
030298
03022002
03021954
03020302
030198
030166
030162
030155
03012003
03011958
03011950
030102
02dodge
0298
0267
02587410
0255
0251
0248
0246
023r88
02390239
0236
0232
023138512
02310231
022769
022583
022479
022478
022477
022280
02211
022077
022068
022063
021988
021984
021973
021971
021965
021963
02150579
021484
021475
021364
02130213
021297
021265
021254
02122006
02122003
02121956
02120
021198
02117
021153
02112007
02112002
021069
021061
021055
021052
02102002
02101949
021001
021000
020998
020959
02091965
020870
020851
02082004
02082001
02081954
02081946
020802
020760
02072001
020661
020656
020567
02052005
02051964
02051949
020509
020502
020461
020455
020450
020409
02032002
020309
020301
020264
020263
020262
020261
020259
020257
020251
02022003
0202198
02021950
020212
020205
0202020
020199
020166
020162
020155
02012001
02011954
020100
020020
01973500
01928374
0192434
0183
0159753
0149
0141
0139
0138
0135790
0133
01298
012976
012862
012673
012569
012463
0123esp
012370
012357
012161
012004
011984
011972
011955
011860
01160116
011571
01150115
011473
011275
011256
01122009
01122005
01122004
01121952
01121946
011211
011204