31071977
31051992
30111983
30111979
30081983
30041993
30041989
30041980
29111984
29081991
29081989
29071991
29071989
29061981
29051993
29041994
29031993
28121985
28111991
28081981
28071981
28031987
28021987
28021978
28011992
28011990
27121991
27111987
27101991
27091979
27071994
26121991
26101990
26091981
26081992
26081981
26071991
26071988
26071979
260686
26061992
26051983
26041985
26021991
25121980
251188
25111980
2511
25081993
25081984
25071988
25061990
250482
25031979
25021991
24121993
241086
24091982
24081989
240685
24061991
240588
24051993
24051992
24031992
24031982
24011982
234234
23121987
23121985
23081980
230688
23051982
23031982
23011986
22121990
22101984
22101978
22091977
22061981
220583
22051983
220488
22041981
22041979
22031983
22021991
21111987
21111982
211086
21101985
21051981
21031983
2103
20101991
20081993
20081983
200788
20071982
20031981
20011982
1Fuck
197777
19571957
19121992
19101991
19081978
19071982
19051993
19051984
1902
1900
18273645
18111981
18101984
18091982
18051980
17121984
17111992
17091978
17081985
17081982
17071980
17061990
17061984
17051984
17041992
17021984
16121992
16101988
16071992
16051984
160490
160486
16041983
16031994
16031983
16021994
159852
159753a
15121992
15121988
15121982
15121977
15101990
15101980
15091992
15031993
15021978
14091983
14081983
14061989
14051988
14051984
14041985
14021995
14021977
14011985
13241324
13121991
13111980
13081993
13081980
1305
13021988
123ab
1235813
12345asd
12345678900
12345654321
12111983
12091981
12071981
120583
120581
120482
12031993
120188
120187
1118
11111990
11111985
11111980
11101991
11061981
11041984
11021982
101085
10101978
100888
10081992
10081980
10071982
10021991
10011978
09101980
09081982
09071982
09041989
09021993