21121981
21121977
21111981
21101992
21101991
21091983
21081981
21051982
21031993
21011983
20112011
20111982
20101989
20101983
200888
20071991
20051990
20051980
20041991
200383
20031993
1qazxc
19591959
1914
19121984
19091993
19091991
19091978
19071995
19061983
19031989
19031982
18121993
18111979
18101992
18101982
18081983
18071987
18021990
18021981
18011983
17121980
17111980
17101979
17081991
17061979
17031994
17011988
16101982
16091980
16081987
16081979
16061980
16031989
16031980
16021993
16011984
1600
1596321
15121979
15101988
15091978
150788
15061989
1505
15031980
1469
14091979
14081993
14041981
14021980
14011980
13121979
131185
13101994
13081992
13071986
130585
13031984
13011976
123456b
1230123
12241224
121278
12121992
120985
12081991
120783
12071994
12071986
12071976
120690
120677
12061991
12041976
12021992
11122233
111189
11021980
11011981
11011977
1080
101285
10121980
10101979
10061981
09121990
09121986
09091980
09011988
09011984
08121981
08091992
08071992
08071979
08061981
08011984
07111989
07081991
07081988
07081978
07061982
07051993
07051981
07031987
07011992
07011983
0666
06121983
06101988
06101982
06051992
06041980
06031990
06021982
06011985
05121991
05091986
05051975
05041992
05041982
05041981
04111982
04071977
04061981
04051991
04051981
04041993
04041981
04041979
04021992
04011992
04011991
04011985
04011980
03121983
03121982
03111989
03101981
03091985
03091980
03061979
02111984
02111983
02111982
02011992
02011970
01121975
01111991
01111982
01101983
01091991
01081981
01081975
01061981
01051991
01031994
01011958
yuliya
yngwie
yanks1
xmas
xaxaxa
wooden
wizzard
willy1
watching
warsaw
wannabe
walking
video1
vfkbyf
vasiliy
vangogh
urlaub
twostep
turk182
tryagain
trekker
tramp