cujo
crave
crafty
craft
corgan
cooker
computers
citibank
chowder
choppers
chango
catalog
cannonda
callofduty
cake
bunbun
bullwink
brunette
bravehea
BOOMER
bookcase
blunted
blackcock
biker1
biggirl
BIGDICK
BIGBOY
beyond
beyonce
beepbeep
becky1
beaks
bdfyjdf
bassbass
bartok
bagels
badbad
arrakis
armstrong
arman
arielle
antigone
angelok
angele
amnesia
AMANDA
allyson
alex1
akasha
agatha
ace123
abstract
999111
987654321q
979797
929292
885522
777vlad
6767
6565
500500
369852147
3141
3110
31081994
31071981
31051984
31031981
30111984
30101989
30081991
30011976
29121993
29111980
29101993
29061992
29051982
29051980
29041991
29031995
28101987
28061992
28021993
27121987
27121984
27101993
27081983
27061992
27061986
27051982
27041982
27021983
26111979
26091980
26071993
26061988
26061984
26051982
26031981
25111979
251086
25101992
25101984
250486
25041982
25041981
25041977
25021993
25021982
25011992
24121983
24111980
24111979
24091979
24041982
24021981
24011979
2345678
23121992
231189
23081982
23071987
23041981
23031993
23031978
222444
22111978
22071993
22061980
2206
220388
22031994
22031988
21111991
21101978
210586
21031994
20121983
20101981
20091995
20091992
20081992
20041993
20031976
20021994
1q2w3
19531953
1940
1939
1917
19121994
19121993
19121991
19101977
19081989
19051991
19041991
19031993
19031992
19031988
19031984
19021989
18121991
18101979
18091992
18081980
18011982
17171717aa
17111990
17111983
170985
17081994
170685
16121977
161187
16111993
16111980
16061982
160590
16051996
16031984
15121991
1512
15091984
15081979
15081978
15071993
15051979
15051978
15041978
15031981
1502
147896321
141289
14101981
14071981
14061995
14051989
14041983
14031972