amo
althor
adeline
acer
acacia
abrupt
8PHroWZ622
8899
852963
8520
78963214
747400
69213124
67camaro
622521
50505050
4rfv3edc
45612
4554
4141
3838
3728
357mag
311088
31101992
31081992
31081991
31071992
31071978
31011978
30121989
30121982
30111993
30091991
30091990
30081980
30071980
30051990
30031982
30011981
3001
29111991
29091994
29091979
29081992
29081984
29081979
29071984
29051976
28101990
28101984
28101981
28091979
28081992
28081987
28041984
28021994
27121980
27101984
27101982
27101980
270988
27091981
27091980
27061991
27061987
27041992
27041981
270388
27021993
27021989
27021981
261288
261184
26101979
26081991
260789
26061977
260285
26021993
2506
25051975
250484
25000
24111978
240787
24071985
24061983
24051983
240484
24041978
24021982
24011994
23121993
23121981
231089
23101989
23101983
230888
23071980
23061981
23021980
224488
22121980
22111984
22101986
220990
22081984
22061983
220586
22051979
22021983
22011980
21121993
21091981
21071991
21071981
21071980
21061979
21041982
21041980
210388
21021981
20111993
20111980
201087
20101979
20091981
20091979
20081998
20071979
200688
20051982
20021978
1hxboqg2
1911a1
19111983
19071987
18121981
18111980
180983
18071985
18061978
18031987
1800
17111994
17101984
17081979
170787
17071981
17061980
17041978
17031981
1660
16121984
16121978
161084
16091993
16081982
16071990
16071976
16051992
16021978
15111994
15091979
15081974
15061975
150389
15021992
14531453
14121982
14101982
1410
14091992
14081995
14071994
14071991
14071982
14061992
14061978
14041990
14041977
139139
131086
1310
13091994
13091981
130876
13081989
13071981
130689
130687
130577
13031979
13021980
130189
13011980
123masha
123hfjdk147
123bbb