99z28ss
99tacoma
99supra
99ssls1
99sagg
99hurens
99elite
99dakota
99champs
99casey
99buddha
999zzz
999999999q
9999990
99998888
99998
999911
999123
99909990
9990999
999000999
998811
9987
9985
9978
997788
9976345
9976
996677
99661215
996611
9962
99594296
995566
9953NG
995000
9936
9935
9928
99229922
992001
9920
9912
991100
990605
9906
9904
98jeep
98iujhnb
98honda
98beso
98accord
9898989
98979695
98929892
9889
988889
987abc
98798
9877
987654z
987654321s
987654321987654321
9876543219
9876543212
987654321123456789
987654321123
98765431
98761111
987564
987456123
9874561
987415
9873
9872
987123b
9869
9864
986357357
9863
9861
985985
9857
98559855
9854967
9852
9850
984984
9848
98439843
9832
983016
98223163
982222
981650
9814
9813338
9813
980980
9802
98016321
97jeep
97f150
97d59500
97chevy
97accord
97932032
9788
9787
97847a
9777
9776703
9774
976babe
9768
97654321
9763
9758
97579757
97559755
975432
97539753
975230699
9750
9730
9727171
971988
9713
9712
9702
96terp
96camaro
969912
9698
968676
9686
9685
9679
9678
9673
9670
9667
9664
965965
96579657
96539653
9653
9642
96419641
963852q
9636
9635741
963321
96329632
9632587410
96309630
96266580
9621
9618
9612
9611759
9608
960311
9603
95disco
95civic
95bravo
9594
959295
9592
9591
9587
9583
9582
957957
9578751
9573
9568
9558nilu
955783
955653
955555
955252
9546
9545
9542
9536
9533tke
951amj
9518512
95175355
951753456
951741
95135
9509
9502
94viper
948948
94879807
9486