9479
947507
94705n
9465
94639463
9460
9459
9441
9440
94369436
9427
94269426
9426
9425213
9413
940423
93stang
93919391
9379992s
9379992929
93799922
9376
9367
9358
9348
9338
9334
9332
9328
9324
9309706
93089308
930828
92eclips
92accord
9293709b1
92886356
9284
92799279
9272
92719271
9267
92647425
9264532213
925925
9258100
92577
9256
925555
9251
92459245
9244
924000
9240
9235
923129512
922922
9227
92264778
9221
92189218
92179
921741
9215844
921484
9213
921170
92091
9202506371
92019201
91blazer
919919
919395
91859185
9184
91738246
917382
916916
9164
9147
9145
91359135
912912
9129
91289128
912866
9121994
9121992
9121991
9121988
9121955
911t
911red
9116
9111982
91119111
911007
911001
911
91088
9101993
9093
9092
9091993
9091989
909111
9090909090
9090909
908908
908230
9081518431
90809080
90807060s
907907
90789078
9072
9067
9066
9063537462
9057
905555
9053
9052
90501
904403
904267
9038
9034139
90299029
90210Semka
902010
90155
901022
9010
900mhz
900911
90091
900800
90071
9005
900400
90036
9002
8vadown
8uhb7ygv
8u7y6t
8sj29t
8schmogg
8point
8man
8itall
8inch
8HHHH8
8ba9Klw1cE
89turbo
89e91024
89am22
8999899
8999
8993
8991
89818981
8981
8980
8977
8976
8975
8974
896745
8967193
8967
89668966
8966
8965
89641891702
89636511322
896321
89628962
8962170q
8961
89605348757
8956
89515145435
89503102616nss
8948
8946
8943an67
894300
8942
89408940
8933
8928
89279981879z
89278246747a
89277216066n
89242468508
89224371020
892147
89208012008
8919