8917
89161352202
89128912
89121
890poi
89098909
89092816599
890825
8908
89066703835
89061576631
89056288231w
89055254622
89050890
89047777
89032068253
88bronco
88908890
8890
88888a
88888888z
888887
88885555
88881111
888555222
887755
8873
8868
886611
88650000
8854
885016
884422
8841931
8839
8835
883388
8832
882231
8818Fred
8817
88168816
8815
88148814
88120
8812
881111
881019
881012
88100
88088
8806459
88053023031
88041
8803
87rigger
87fire
87chevy
8798
8770
8765876
87655678
8757
8755
87542
874217
8739
8732
8729
8720
871992
871976
8718
8715
871111
8708
870615
870500
8703
8702
8700
86stang
86nymets
8699
8684
8681rl
8681450z
8675309x
86753094
8671
86698669
8667
8661
8657
8649
8648
8646
8645
8640
8624370
8623
8621
8614
86118611
8611
860813
8608
86041791
860000
8600
85fg754kl62br853lpq7
8597
859578
8595
8593
858522
8585152
8584
85778577
856856
8563tr
8559
8558
85480854
854800
8547xc
85478547
854632
854321
854111
8539
853358
853211
8531212
8529674um
852963741
85296356
852951753
85274
852456963
85245693
8524567913
852456753951
852417
8520852
852014
852010
85201
85200
85198519
851851
851000
8510
8509
850850
85008500
84tigers
8498
84968496
8491
84898489
848625
84828482
8478
84721
8470
84668466
845845
8457882
845620
8455
8453
8451
8442
8440
8439
84380629
843349442
84322374
84278427
8427
842685
84268
8425
84238423
841972
8418
84118411
84092
84028
839788ss
8394
8393
83858385
8382
8381563
8369
8349
8345886364
834511