8345
8342
8335
8327180
8324
8318
8314
831208005
83092666
830220
830000
8300
8297
8296
8294
8287
8286
8285
8283
827827
827777
8275
82736922
8273
82678267
8265bmw
82658265
8265205
826455
8262
8259
8256
825000
8247
8244699
8240
8227
8226
8225
8220
821821
8218
821224
8212
82118211
82088208
820826
820205
820111
820000
8200
81vette
81ireoy
81888188
818818
81878187
81838183
8178
8172
8164
8155
8149
8145
813952
812812812
8121969
812000
81193
811841
81148114
8111987
8109
810810
8104
810310
8103
8101981
80sleep31
80986677668k
80984146524
80979534611
8097166080
8096855
80966800675
80958753328
80938381350
8093
80925819988
8091988
80893
8085347
8085
80838083
808306
80828082
80792
8076
8071986
806869333
80684485642
80675276183
80673908080
80669451478
80666744364
80663156459
80661052430
8064
80637029772
80635711526
8063
8061984
8060210
80508253032
80507655765
80506721889
8050305
80488048
8046
80432433168
8041
8040
8039
8034
8030836
803051
8030
8026
8021
801898
8013
80118011
80112
8010
800meter
800720
80011
7yuc4r
7y7y7y
7thgen
7stars
7QE5LGBN
7q7q7q
7pedro7
7oo00
7of97of9
7miami
7m13hi
7letters
7heaven
7ghdbwc3mk
7dragons
7cafe666
7ad521
7a7a7a
79zi339
7998
7996
7992
7989
798777
7984
7980
7970
7968
7967
795795
7953
795138462
79477947
7934
7933
7932
7928
7924526
7919
790321
7900
789qwe789
789963123
789951
7898789
7895213
78952
78951456
7895123z
7895123a
78951233
789456a
789456789
789456123k
789321456
789234
7892
789159
78911987
78910
7890789
78844887
7884
78837883