787890
7878789
78779
787787
787516
78747874
787473
78737873
7871
7867
786512
78617861
78600
785785
7856
7854hk
7853218
7852396541
78477847
78427842
7842
7840
7837
7836
7831
7830
78297829
7829
7822
7821
781985
781781
7817
7815
781078
7806
7805
7800
77sporky
779988
77991133
7797
7793
779200
779125
77911
779000
77897789
77889944
778778
7786
7785
7784
7782881
7781249
777sss
777luck
777love
777ff337
777ccc
777890
77787778
77777z
777777v
7777777w
7777777o
7777771
777-777
777770
77776666
777541987
7772616
7770
77685
77667766
7763
77627762
7761
7760
77577757
77558822k
775566
775522
7753191z
775007
7748
774774
77441100
773ib759
7736
773477
7731
772772
772330
772277
772235
772211
7720
771959
77177
771512cherniy
771503
7714
771296
77117711
771119
77111
7705732m
7705
7702
76chevy
7696411
76901
76887688
76857685
7684
7680
76797679
76777677
767767
7675001
7673
7672
76697669
7665alch
766392
7660925
76577657
7656
7655
765456
76543
765321
7651
7632
76257625
76253777
7624293
762002
76197619
761900
761111
7610
760824
7606
7602
760000
7599
759852
759800
7595955
75897589
758758
758595
75857585
757dfx
75799696
757975
7577272
75772188a
7577
75767576
7575TA
7575332
7574
757232
75717571
7568
75677567
756423
7564
7562
7559
755877
7556
75447544
7544
7543
75397539
753951q
753951a
753951123
7539510
753852
7538
753789ws
75357535
75335
753333
7526
75227522
752112
7518857
7515
75149536
751111
75107510
7510
7509
7507