750505
75021
7502
7498
74957495
7495
7489
7488
748596123
7480580
747774
747576
747574
747511
74747
747123
74687468
74676352
7460
7455
7451523q
7449
744888
7446
7444329
743743
74329600
743264
74261700027
742369
742222
741974
741852963s
741852963d
741852741852
74174
741593
7415
741369852
741159987
741085
7410209
740418
740297
740111
740100
7382354
7381
737903
737300
7372
7370
7360yaw
7360
7359252
7359
73507350
7345
73337
733333
7332
7329
7328
7325623
732000
731863
7312
731037
730730
7304383
730030
72xlch
729977
7297
7294
7287765
728728
728341
7283
7282281
7280
7279
72767276
72757275
72747274
72739815
72737273
7272dilb
7271977
726726
7266sa
7265276
7265
7263
7259563
72547254
72512q
7246g15
72427242
7237
7233069
7232
7230yt
7229
722772
722222
7220
72147214
72112
721001
720569
72052286
720404
7196
7187
718293456
7176
7168
716716
7165
7163
7157
71558
7153
7152
7149
71427142
7142
713923
71377137
713705
7136
7132
71317131
71285
7121991
7121983
7120
71181
7114346
7113
711214
7111986
7111975
7109
71077345
71072241
7101993
7101988
7101960
70nova
709709
7097
7081991
7072007
7068
7066292
7061
7056
7047
7045
7038128
703333
7028
7027
7024
7021
7019
701632
700rmk
70067006
70047004
700206
7001850
700123
7000000
6yhnji9
6wjmcvc3
6t5r4e
6swjdfpM
6rf8jbf3
6ovntp
6love25
6kerstin
6jghxyll
6gryoe
6beers
6bashum7
6au6
6ajfKakQ
6a6a6a
69terry
69master
69hard
69german
69frt50
69forme
69fire
69dragon
69boys