69baby
698869
697697
697632
697238
697071
696988
696969a
696961
6962
6961
696011
6958061io
695695
6952
6945
694491596
6943kj
693310
6933
693100
693000
691369
6908
6906226
6905
6904
69026902
690202
68shelby
68hc11
68cougar
68chevelle
689689
6895
68934515
689232421
688688
6880
687041
68696869
6868899q
68676867
6863
685880
68556855
6844
68425
6842
6840
6834
6831
682682
6824
6822
681943
681867
6817
6815
6813
6812
68116811
6808
6806
6805
67cougar
6799
679839
6796
6788
6786
678123
677777
677677
67766776
6774
67686768
676272
6762
6759
6758493
675849
6758
6756940
67546754
6753
6752
6745
6734
6731
6730
671960
671959
6715
671432
6710rcg
67108864
6710
67046704
670345
6703
6702748
6702
6701
66spk66
66nova
66impala
66cobra
66ben54
6695
66936693
6691
66876687
66866
6685
6684
6680
667566
666hel
666evil
666999a
66688
666666m
666666aa
6666666a
666-666
666665
66665555
666613
666555444
666422
666187
6661369
664909
66466646
6645213497
66445566
664422
663dew
6627
662594
662351
661866
66166616
66126612
6610
6608
6604
6600818
65cvdew3
6599
659565sa
6595
6587
6585
6580
6579
6578
657657
657453
6568
65666
6565656
6564
65626562
655665
6553
654lkj
6549
6548
65478
6547148
654326
654321w
654321qwe
654321f
65432198
654258
65406540
65346534
6530
6527
6525
6522
65216521
651234
65116511
651010
650327
6497
64937
6489
648648
6471
646566
64626462
6456987
6456
64556455
6453407