645312
6452
6433
6432
64216421
64206420
641979
641974
64166416
6414
64106410
6406
6405429
6403
63sierra
63gull63
6399
638672
63811200
6375375
6369qwert
63696369
636231
6355
6343755
634302
6339
63326332
6331
6327
6324
632211
631991
6317
6316
6314
631016
6306
63006300
630000
629999
62987
629629
6289
62886288
62836283
628171
6281
627555
6274
6269
62636263
62626
6261
626050
6259842
625973
62596259
6259
6256
6253
6252532
6249
624300
6240
623950
6238
6236
62346234
623131
6231
6230
6229
6227
6224ke
621901
6217
6214
6211pin
6210
620lc4
6206
62026202
620100
61996199
619619619
619400
6190
61876187
618245
6176
61756175
61696169
6168
616700
61626162
61616
615151
6141
6135
6134
6132
6131
61270
61246124
61226122
61190975
61161155
611541
6115
6114ky
611111
61106061106
611047
61080
610610
60964508
6096
6091
6090
6085
6081
6072668
6069
6067
6061t6
6061997
6061991
6059
6057
6053
6051991
6050picasso
6042
6041987
6041
6037
6036
6035560355
60246024
6021023
6021
6020
601701
60076007
60066006
6005548660
6002
5ziy5vuc
5yefg23e
5um510n
5tgbhu8
5tgb5tgb
5tg6yh
5t6y7u8i9o0p
5t6y7u8
5star
5roinuj0
5million
5meodmt
5marta55
5kkw2i
5Jo9NE
5f334cf2
5edx73e
5children
5a5a5a
59r7qh
59lese
59955995
5992
5988
5984
5981213
596nrd
5968fwif
596596
59595
595595
5946
59455945
5944
5941
59405940
593593
5934
5933
5931
59304546
5928
5926
5924
5921
5910
5909
590590
5904575
590059
58965896
5895