5891589112
5891
5887
58825882
5876
5874412
5871
5867
5865
5861
585C0516
585c0516
58595859
5858538
58545256
5852
5850
58405840
5840
583970
5828
58255825
582465
58205038
581985
581319
5804
5803
58025802
5802
579111
5790
578799
5779
5776
577354
5773
576879
576576
5762
5759
5756333
5756
575457
5753
5751771
574200
5741
573573
573200
5724
571759
5716
570570
5701
569856
5697
569569
5687452b
5687
5684
568333
56800900
5678998765
5678910
5678412
56735673
56715671
56695669
566666
56655665
566556
566444
5660
565elm
565656a
565566
565256
5652
56505650
5649
5647211
56456
564355
5643
564011
5640
5633
563214
5630
5629
5627
56265626
562265ss
562222
5617765
5615
5614
56135613
56129256
561070
560726
56055605
5605
56045604
55oriole
55lizz
5597
5596
55905590
558989
558899
558588
557900
55785578
557812
557788loveaoi
55745574
5571
556997
556701
55667
55645564
55625562
55624147
55606120rg
555soul
555q555
555987
55588
5557720
555698
55566677
555666555
555666444
5555aa
55555p
55555g
55555fffff
55555b
55555aa
555559
5555566666
55555555555
55555333
555514
5553
555212
5552000
555125
555121
55469432
5541
5537808
5537
55365536
55335533
553184990
5530
55255840
55221
552065842
552000
551995
55155515
551555
55125512
551122
5507765
550750
5507
550550
55021730
5502100
55018899
550022
550005
54981
5494
54925492
5484
5479
54625462
546086
545762
545545
54545854
545456
5454545
545441
5450
54465446
5438
5432167
54275427
542542
54175417
54145414
541254
541212