30031976
3003
30011984
29111990
29111977
29061993
29051983
28121992
28111980
280886
28071992
28041985
28031992
28021995
28021975
28011993
28011977
28011974
27121983
27101977
27091986
27081979
27071993
27071981
27061982
27041994
2611
26071980
260586
26041982
26041978
25121993
251088
25101982
250986
25081992
25081990
250688
25061993
25061982
25041993
25011978
24111986
24101982
2410
24091992
24091976
24081983
24071978
24051982
24031994
24021978
2315
23061994
23041980
23031994
221184
22091992
220690
22051993
22041980
220390
220387
22031979
22021978
220185
211221
21091977
21081984
21081976
210787
210686
21051992
210487
21031977
21021980
21011980
20121991
20121979
201190
20111992
20111983
20081980
200587
20041982
20031982
20031979
1qazse4
1Love
19191919
19111993
19111991
19101994
19071977
19061981
19051978
19041984
19031981
19021981
19011992
19011983
18121982
180986
18081984
180786
18071984
18071982
18061979
18051995
180483
18041981
18041979
18031990
18021994
18021983
17121982
17101981
17091993
17061981
170588
17041993
17021994
17011995
17011993
16121980
16121976
16091994
16091981
16081994
16061993
16051982
16051978
160284
16021992
15935
15121981
15101993
15061981
15051984
15031978
15031976
14101979
14091993
14081981
14071992
14061979
140386
130989
13081994
13051984
13041980
13011979
12345c
123456abc
123321z
121277
12121993
12121978
121185
12111992
12101992
12061982
12061978
12051995
120486
12041975
12031980
12031978
120287
120283
12011983
12011976
113113
11121988
111179
11111981
110887
110780
11071978
11061978
11051994
11051981
11041994
11041979
11031981
110184
10sne1
101286
10121983
101182
10111984
101079
10081978
10071992
10071979
100585
10051979
10041980
100388
10031975