54025402
5402
53ford
53crust9
539755
53915391
5387
53865386
5385844
538537
5382
53785378
53745688
5373
5372
536a731974
53685368
53671
5367
536666
53645364
536230
53535
5347
5342
533m1k34
5336
53305330
5304
53030
5287
5285
52805280
52785278
5276463
52755275
52725272
5271
5268gh
526482
5264
5263883
52635263
526272
52625262
525959
525871
52585258
525354
525225
52500116
524hiro
5249
5246
523698741
523595
5235
523452
5233849
523345
5232690
523213511
5229
522500
522222
52199
521972
521964
52173
52162
52150
521478
521429
5213698
521315
5211314
521125
521111
52100
5208
5207
520689jb
520666
52052
520314
5202
520111
52005200
5191991
5190219
5187
5176
5171
516ZHWas
516888
516516
5161
515983
51535153
51515
5150time
51505051
5150316
5142
514000
51391225
51378
5134alt
513466
51325132
513200
5129
51287ifvfy
512864aa
5128078228
5127
5126
512199
5121989
5121987
512197
5121968
511912
511835
51155115
5111
51090
5108
510791
5106
5104
5103
510200
50stang
50shades
50chevy
50cent50
509509
5091torr
5086
50812121
5081
5078
5073
507279
5065
5062626
506088
506050
50575057
5057
50558086
5052
5051992
5051984
5050505
504680
5033
5031983
502sucks
502800
5028
5025
5020
50187
5015
501212
5011yo
501111
500900
5008
500777
50065006
50015001
4yreyes
4x8cFp6dyI
4winston
4wheelin
4v1162
4u2nvme
4trezP
4trezp
4teenine
4t5wert
4stars
4sewanee
4sammy
4runners
4Runner
4rfvcde3
4rfv
4qpGvL
4Pussy
4o0p5r
4misty
4matic
4martin
4kevin
4hotsex
4honey