4gh2vn
4getmenot
4free99
4four4
4fishing
4everlove
4Ever
4e3w2q1
4danni
4clover
4chpbz
4cc2jack
4broker
4beatles
4b4ukv8
4b4b4b
4b2336pw
499999
4995
49914991
498888
49874987
498576
4981
497dea
4971
4964
496061318
4960
4958
4953
494835
4943
4942
493801
49374937
4935
4932
4929661
492487mike
492211
4920
49184439
4917485
491733
49144914
4906025
49048111
4894
488400
4882
4877
487672
487487
48744874
4869
486217935
4861
4860
48524852
484949
4846
48455bA
4844
48434843
48424842
4841
4836897
4836
4829
482669
4826
4822
481981
4817
48164816
48162342
4815310
4815162342d
481213
48084808
48064806
480000
4797
4793
4791
47904790
478965
4787
4783915854
478357de
4783
4778
4775
477441
4768
4761
4760
475mag
475688
474474
47414741
4740
47314731
472719
4722
47154715
47101001
4710
47084708
4704
46Vgh2
4697502
46974697
4695
4692
4690
4687
4685
468499cfif
468164770
46794679
4677015
4677
467467
4674
4673252289
46694669
46670152
4657
46564656
4656
465465
4653golf
46474647
464420
46401255
4639
4635
46314631
462846
462100
461459
4609
4605
4600a1as
45rtfgvb
45pqz6
459911
4598631
4597
45932616
4589756
458963
458912
4585
4584
45814581
458012
457896
457845
45704570
456pass
456852s
456852123
4568520
45682
456800
456789456
456666
45664566
456556
4565456
456456aa
456456123
4562580
456159
45612345
4561230
45594559
4559
45574557
455667
455666
455565
455442
4553881
454556
4545454
454333
454111
454078
4537
45354535
4534
4533
453210
45264526
45262000
4526