4525623
45244524
4523gf
451954
45174517
45164516
4514
451278
451277
4510003
450820
4504
4503csil
4501971
44ttxx44
44tr123s
44time
44blonde
449944
4493
448866
4486
4482
4481895
447766
445588
4455667
44554455
445454
445445
44520000
44514451
4451
444robot
44494449
444556
44455
444477
444456
444444444444
44442222
444376382
44404440
444
443444
443300
442777
44253769
442222
4413
44114411
4408155
4407
4401
44004400
4399
4398802
4394427
4389
4387031
4380
437999
437798
43764376
4372828
4372
43654365
4364
43634070
4363
435912
4355
435432
4351934
4349
434841
43454345
434434
43424342
433awa
433370
43288111
4327
432567
43250467
4322
4321wijg
4321wert
4321mp
43204320
431922
431840
4318123
43174317
43134313
43104310
43101q1
4309
4303bs
4303
430000
42vjhv5
42sober
42flown
42a15a
42954295
429429
4289
42867553
42854285
42834283
4282
4281
42782
4278
4271philip
426982
426242
425864
42545
42524252
425200
424855
4248
4246ams
42353256
42334233
42294229
42274227
42244224
42235021
422224
420weed
420pot
420bud
42094209
42084208
420788
420711
420699
4204ME
4204ever
42002
41jr51kr
4196
4194
41914191
418888
41884188
4184
4183
4181387
417965
417600
417493
417258
41714171
417050s
41694141
4157
41567
415415415
41534153
415263748596
415111
4149
4148
4146
414444
41404140
4138
4134
41331496
41324132
41284128
41259911
412294
41224122
4121981
412141
4120
41180
41175
41124112
411208
41104110
4108zman
41064106
410389
4101989
4101984
4101983
4101982
410000
40xmax
40park
40magoo
40cleats
4099409
4093