4087
40794517
407407
4072
40688
406666
406406
4062
4061
40534053
40494
404451
4041989
4036
4031
4024423j
40224022
40214021
4018177
4015923
40154015
401401
4011991
4011593
4007tuli
400500
400004
3xeyes
3w3f4mt
3th3rn3t
3sisters
3rdeye
3QA0eVx344
3putt
3pointer
3phase
3osaj
3-Oct
3ns3nada
3nipples
3llb33
3julaq
3j6f8d0b
3j3a0n8e
3ixl4h
3girl
3friends
3fingers
3dtoontube
3dfx
3CCb3vH2
3bnruGkt
39tcym
399999
3997gish
39911993
3990
3985
3977
3975
397397
39735099
3967
39633963
3960
3954
3947
3946
3944136
393835
3935
393393
393378
39263926
3921010111
3921
39205120
391919
391391
39109
3907
390313
38special
38ericks
389661
389545
3895
38911983
3877
387387
3867
38663866
3865
38643864
38643728
38623862
3857
3850
3848
383stroker
38393839
3838dd
383453
38325
3832
3831
382vdl
3825me
382555
3819
3814980
3813
3807
380434522575
3801ma
3801
37fn9
379835
379778
3796
37912192
378378
37783778
3778
37773777
3776661
37723772
3769
3767
37563756
3754
3746
374095
37363534
3736
37313731
372984
372407
3724
37231730
371969
3719
3716
371371
371103
371100
3707
3702676
36xx36
36xmax
369963369
36963696
36923692
3691190
3686
36745
36733673
366tif
366597
36653665
3656519
365315
3652
36463646
3645
363922
3637467
363672
3635
363333
3621
36130911cl1
36123612
36093609
3606199e
3603
360267805
360000
35wolfen
35ps00ps
358973
3587
3586400
358358358
357951SSS
3579510
357945
357915
357896
357800
357777
3568
3567
35663
356565
356466
3561
3560534
3559
35523552