35483548
35473547
3544cd
3543444
3540635406
353935
3534
35303530
3528
352789
352000
351684Z
351414
351000
35053505
350300
3501
350098
34RsY2
34mullig
3497
349349
3493
3492
349000
3479
34753475
3471
34693469
346889123
346780
346500
346400
3463
3458267
345211
34487
34413441
343750
3437
34353637
34293429
342754
342625
3426
34233423
342201
34213421
34154948
341234
341111
340bhpm3
340654
34013401
340044
34003400
33hk5d6x
339724s
3397
3394
3393
339190
3389
3385983
338258
33793379
33773377
337337
336688
336666
33666
33643364
33573357
335588
335466
33533353
33513351
3347
333ms333
33390z
333777333
33369
333579
333567
33355
33344455
33344
333435
33337777
3333445
3322bes42
3321874
331973
331501
33132
33123312
331122
330633
3305
3295
329329
328792
3283dave
3271
32693269
3268829
3268
32623262
32615948
32603260
325871A
32563256
325555
32547698
32543254
325065
3244
324132
32354
323532
323475608n
3232www
323211
323200
323144
32313231
32253225
322451
3223549
321mnbvcxz
321ewqdsa
321cxz
32199
3218BB10
3217
32167742
3216767
321670
32153215
321515554
32145678
32145632
32143214
3214321
321333
321321a
321231
321223
321123q
321123a
321005
320522
320079
31of
31love
3198863
319666
319319
3192006
3183
3182bbl
317900
3176mike
3175671tdutybq
317400
31693169
316789
316613
316420
316077
3158
31513151
315111
3151014
31504244life
31503150
315023
3148fc
3148
31463146
3143
3141ed
31415928
31415926535
313920
313372
313353
313333
31315555
3131313
313000
312631
31250
3122008
3121991
3121981
312198
3121722h
31213121
312121