3120801i
31203120
311995
311990
311989
311987
311968
31173117
311533
3113113
311288a
31128
311262
31126
311257
311245
311243
31122002
3112199
31121960
31121955
31121952
311211
311208
311205
311201
311068
311061
311060
311056
311031
31102003
31102002
3110198
31101954
310sfg
31087
310865
31085
3108198
31081959
31081956
31081950
310802
310763
310760
310757
31073107
31072008
31072006
3107197
31071957
31071953
310559
310556
310553
31052003
310508
310365
310364
310348
31033
31032009
31032004
31032002
3103200
31031951
31031900
310303
3101724
310159
310153
310152
31012010
3101197
31011955
31011953
31011951
31011950
310110
310105
310103
3100100994
30890
3089
3085
3083
307778
3076905
307600
3071991
307199
30710k
3070
30683068
3058
304ss
30443044
3034bay
30325
3031993
3031991
303030a
30303006
30283028
3023
30203020
30201995
301998
301997
301993
301991
30199
301987
30192
3017
301257
301204
301200
301166
30113011
30112006
3011198
30111951
301105
30110
30108
30106
301059
301058
301054
301030
30102007
30101955
30101953
30100
300game
300datab
300999
30092008
30092006
30092001
30091953
30091952
300898
300862
300860
30082004
30082002
30081956
300799
300761
30071957
30071951
300700
300667
300658
300656
300654
30062004
30062002
30062001
30061994n
30061955
30061950
30061947
300606
30058
300549
30053005
30052007
30052006
30052002
30048023
300457
300455
30042004
3004200
30041993m
30041968
30041954
30041951
300409
30032004
30032003
30031986m
3003198
300303
300199
30019
300168
300152
300131
30012010
30012003
30011959
3000gtvr
3000GT
3.00
2young