2901199
29011984DL
29011982m
29011950
290110
290100
290000mo
28ros11bri67
28lytqcgecnz
28.hf28
28atdhfkz
28a7738t
2894
288888
2887
2880
287846
2877737
2865
2856
285222
2849
28461379
284613
2846042
283828
2836
2832
28302830
2829ceo
282800
28252825
2822
28202820
281apple
281997
281992
281989
281962
28192819
281434
28132813
28122010
28122007
28122006
28122002
2812199
28121951
28121949
281211
281163
28112008
28112004
28111999
28111994n
2811198
28111952
28111951
281107
281092q
28106
281057
281053
281022
28102007
28101955
28101954
28098
280968
280967
280963
28091953
28091948
28088
280862
280857
280850
280847
28082010
280807
280800
280760
280755
28072002
2807198
28071951
28071950
280706
280699
280671
280658
280655
280654
28062011
28062010
28062006
28062002
28061954
28061900
280607
280603
280602
280601
280600
28056
28053155
28052805
28052004
28051954
28051947
28050
28049
28048
280462
280461
280459
280454
28042004
28041949
280404
280399
280359
280358
280356
280353
280328
2803198
28031953
28031951
28031949
280308
280307
2802petr
28028
28026
28021953
280207
28012801
28011953
28011949
28010
27-Jun
27chuc
27922792
2792
278864
27842784
2784
277777
27712771
276584
27632763
27572757
2753
2752
2748
2745stow
2741
273991
273514
2734
2733hb
273227
27302730
272700
272270271983
272222
2720
271998
271996
27199
271986
271984
271982
271977
271972
271969
271961
271334
271327
271314
271260
271246
27122712
27122002
2712198
27121960
27121957
27121948
27121946
271206
271202
271201
27119
27117
271162
271157Zn06
27114
27112711
271105