271085m
27107
271063
271058
271056
27102005
27101953
27101947
27099
27097
270965
270959
270958
270956
270952
27091993m
2709198
270898
27089
270857
27082006
27082005
27082003
27080
270792j
27079
270751
27072002
27071996pasha
27071960
27071952
27071951
27071950
270708
270706
27067
270666
27062002
27061956
27061951
27061950
27061949
270609
270602
27060
270584n
270575
270567
270563
270560
270556
27052010
27052006
27052003
27052001
2705198
27051956
27051951
270461
27042006
27042003
2704198
27041957
27041952
270406
27035530
270353
27032008
27032002
27031974m
27031954
27031945
270306
270264
270263
270256
27022009
27022001
270219
27012006
27012005
27012004
27012003
270119
270107
270106
270103
270100
2700mac
26acres
2698591
269818
2697
26966
2693
269270
26912691
269000
26882688
26852685
2684526845
268426842
268426
268100
26792679
267000
266534597157
266400
266344
266226
26540292450
265393a
26512651
265100
26482648
2646
2634
263105
262830
2624ve6w
2624
2623
262144
262100
2620
261998
261991
2619862
261985
261975
261970
261965
261952
26129
261267
261263
261260
2612198
26121954
26121952
261205
261163
261159
261157
261154
26111957
26111946
261104
261102
261098
261067
261066
261064
261060
26102009
26102006
26101953
26101948
261009
260956
26092009
26092007
26092003
26091952
26091950
260871
260858
260857
260856
260854
260853
260847
26081999
26081954
26081949
260800
260798
260789aa
260760
260755
260750
26072005
26072003
260719
260710
260658
26062003
26061988m
26061953
260598
260583n
260563
260557
260556
260552
26052008
26051950
26049
26046
26042604