260426
26042003
2604198
26041954
26041950
260409
260406
260402
260392n
26039
260357
260349
260309
260307
260302
26030
260265
260258
260256
26022003
26021951
260155
260154
260147
26012006
26011950
26002600
25marta
2598
2597
259492
25942594
2593
258ajt
258753
25874
25862586
258519max
2584631
258456789qazzaq5
258446
258123
2580ajt
25802580q
25802
25800852a
257000
2568earl
256789
25652565
256365
25552555
255522
25525
2546007
253555
2534984
253352
253333
25302530
252728
25272527
252725
252625
25262
25255252
2525445
252423
252009
252005
252003
252001
251998
251988
251979
251972
251971
251969
251968
25171
251619
2515da
251549
251516
251436
25132513
251270
251254
251236
25117
251166
251160
251154
251151
251144
25112011
25112007
25112004
25111950
251100
251067
251057
251052
25102010
25102003
25101948
25101900
251004
25100
25099
25097
250963
250957
250953
250951
25091954
25091949
250906
250902
250865
250862
2508197
250756
250749
25074
25072006
25071957
25070
250666
250625
25062005
2506199
250608
250600
25059
25057
250564
250556
250555
250550
25052008
25051951
25051947
25051946
250508
250507
250501
25047
250459
250458
250450
250449
25042007
2504198
250409
250408
250362
250360
250325
25032009
25032
2503198
25031975m
25027
250258
250255
25022002
25021982n
25021952
250200
250198
250164
250147
25012008
25012003
250102
24zydfhz
24nascar
249999
249711
2496
24950693
249195
249000
248842
248782
24859347
24783485
24759
246942
246891
24685
24681379
2468123
24680z
2468008642
246401
246249
24592135io
24572457