24537815
2448847
24476452n
244656
244424
2442293live
244224
24402440
24401026
2436001
243271
243159
2427894
242525
242300
24222422
2422150
242000
241993
241992
24198
241977
241973
241952
241948
24182418
241265
241259
241241r
24122008
24122000
24121953
241198
24119
241187m
241151
241142
24111952
24111948
241111
24110
24109
24107
24106
241057
241056
241048
24102004
24101993h
24101959
24101955
24101951
24101947
241009
24100
240bravo
24097
240953
240951
240949
24092007
24091951
24091946
240907
240905
24089
24088
240863
240859
240855
240854
24082009
24082002
24081960
24081957
24081955
24081953
240806
240805
240800
240762
240755
2407199
2407198
24071975j
240698
240684n
240665
24062003
24062001
24061955
24059
240560
24052010
24052003
2405198
24051953
24051948
240454
24042005
24042004
24042002
24041956
24041952
24041946
24040
240398
240362
240350
24032006
24032005
24032003
2403198
24031953
24031950
240305
240295yuppi
240255
240250
2402369
24022002
2402198
24021957
24021955
24021953
240164
240157
24011953
23t9jhg2
23skid
23pass
23c1295
23black
239r8ymmhq
2391
23902390
238888
2388238
2385
2382000
2382
23732373
236923
2362288
23590
235769
23571113
235689147
23532353
234790
2345678tt
234566
23455432
234512
234444
23423
234123
233255
23320
233145
232924
232523
2324316578
23236767
232340
232333
232324
232323q
232323a
2323232323
23199623
231989q
231970
231968
231966
231964
23172317
23162316
231564n
231300
231261
231259
231255
231253
231234
23122006
23121996p
231198
23117
23116
231152
2311200
23111999
2311199
23111952
231109
231105
23109
23106
231026