23102009
23101954
231006
2310056743
231005
230988m
230985n
23097
230952
23092007
23092005
23092003
2309198
23091952
23090
230863
23082010
23082004
23082002
23081958
23081951
23081947
230808
230805
23077
23072010
23072008
23072001
23071958
230711
230707
230702
230698
230665
230662
230658
230657
230656
230651
23062009
2306198
23061951
23061
230606
230563
230562
230557
230551
230543
23051956
23051954
230506
230503
230493m
230465
230457
23042010
23042006
2304199
230406
23037
230361
230358
23032008
23031988m
23031950
230309
230305
230301
230300
230258
230255
23022006
23022005
23021952
230209
230203
230202
230194j
23019
23016
23012008
23012007
23011953
23011
22d21r
22black
22-Apr
229922
229500
22934167
228Ra88
2288857
228855
228811
22842284
22822282
227744
22774
227522
2271987
22672267
2265518
22642264
22592259
225670
22562256
225599
225555
225422
2254199
2252525
224909224909
224822
2247slea
22472247
22453
224444
224026
223cal
22394
2236void
223366at
223345
223312
22331
223300a
223222
223210
223122
222www
222aaa
222933
22272227
222710
22242
2223322
22227777
22225
2222000
22207
222002
221993
221977
221975
221968
221851
2216630
221422
221334
221260
221257
221246
221221221
22122006
22121952
22121949
22121946
221205
221158
221154
221151
221149
22112007
2211198
22111955
22111951
22111948
22111947
221103
22109
221051
22105
221022
22102005
2210199
22101951
221008
220999
22099
220964
220960
220956
220955
22091956
22091952
22091947
220904
220902
220894a
220862
220853
220850
220846
22082006
22082005
22081954
22081946
220809
220806