22079
220757
220750
22072006
22071953
22071952
22071948
220708
220706
220695n
220664
22066
220656
22062006
22062003
22060
220594n
220558
220550
22052010
22052003
220507
220490n
220456
220453
22042204
22042006
22042005
22042002
2204199
22041954
22041952
22041950
220402
220394d
220390n
220332
22032010
22032007
22032005
22032002
22031954
220303
220301
220298
22022004
2202198
22021950
22021949
2201632
220159
220155
220122
22012010
22012004
22012003
2201199
22011954
220102
220100
22001
21b4ny4b
21ales21
21982198
219292
21912191
219007
218w63b
21891
2189
218812
21855
21852185
21842184
218050
21802180
21741234
21712
2171128
21688
21654
2160
215433
21532153
215210
21487
21480
214187
214145
214000
2136off
21352135
213465
213444
2133806
21322132
21321996
21321
213021
213
212west
212BGD
212829
21282128
21274729
21272127
21272
21262126
212521
21242526
212333
212327
21230
21222122
212213
21213
212106
212019
212
211989
211979
211977
211976
211955
21192
21184
21171
21162116
211314
21129
211261
211259
211255
211254
211225
2112222
21122008
21122002
21122
21121957
21121948
211218rus
211205
21120
21116
211156
211155
211147
211121
21112008
21112007
21112002
21111970m
21111954
21111951
21111950
21111
211107
211103
211101
21110
211059
211058
211057
211052
21105
211021
21102009
211005
2109976
21099235
21096
210956
210950
21093i
21092008
21092007
21092003
21092
2109199
21091951
210905
210900
21090
21089
210867
210861
210845
21083
21082003
21082
2108198Fox
210809
210805
210800
21080
210759
210752
21072007
21072005