21071963
21071960
21071952
21071950
21071947
210706
210701
210659
210658
210656
210655
210646
2106322
21062003
21061955
21061952
210603
210562
210556
210555
21055
21052009
21052008
21052005
21052003
21051947
210504
210503
210453
210452
210451
21042006
21042005
21042002
21041958
210401
210398
210393n
210392n
21032002
2103198
21031952
210309
210302
210299
2102705
210266
210258
2102535
21021946
210203
210202
21020
2101993
2101989
2101987
2101986
210153
210151
21012009
21012005
21012002
21011953
21011947
210102
2100790
210012
2096
20941
2093
2085
2083
2082095
2081985
2077
20752075
2075012
2071986
206wrc
206800
2061
2057
20552055
2052006
2043108
2042832
204204
20419861
2041980
2041
203516
203500
203471
20342034
203316
20322032
20304
20282028
202801
2021984
2020dhb
202040
202030
2020185
201995
201993
201986
201981
201967
20192019
2012ujl
2012ad
20126120
201253
20122006
20121949
201208
201202
2011ujl
201166
201158
2011201
20111947
201104
201103
201068pv
20106
201059
201055
201042
20102006
2010198
2010197
201005
200lbs
20099
20097
200967
200965
200962
200958
200923
20091953
20091952
20091951
200910
200909
200905
200903
200867
200851
20082
20081951
20081949
200801
2007jak
20072010
20071987n
20071949
200708
20070
20066666
200652
2006199
20061988m
20061948
200603
200589m
20056
200556
200547
20052010
20052009
20052
20051989m
20051954
200513
200506
200466
2004200
200388m
200371
200357
200356
200354
200351
200333
200320
20031953
20031951
200304
200295
20029
200267
200262
200252
200250
200222
2002200
20021951