1a2s3d4f5
1a2r3t
1a2b
1A1A1A
1a18dcf9
19vfhnf
19tiens90
19-Jun
19fghtkz
19fduecnf
19Chevy5
19ccp49
199lib
1999vlad
1999gmc
19995277
19992004
1999175k
199911
1998as
199824
199823
19981998a
199819
19980928
1997anna
1997850
199777
199775
19973
199729
199723
199722
19972010
199720
19972
19971997q
199713
19971208
19970824
1996wow
1996qwe
1996god
1996aa
199666
199631
199629
19962010
19962008
19962002
19961909
199617
199607
19960612
199603
199601
1995vlad
1995jeep
1995dima
19952004
19952
19951989
199518
199509a
1994ira
1994god
1994555
199431
199427
19942001
19941970
199416
19941414
19941004
19941
19940503
19940
1993m1893
199364
19933320
199330
19932909
199327
199326
199324
19932007
19932005
19932003
19932001
1993200
19931996
19931993q
199319931993
199319
19931234
19931106
19931103
199307
19930620
199305
19930202
19930
199227
19922507
199220
19921127
19920608
19920404
19920108
199131
19912903
199121
19912009
19912008
19912000
19911991a
199119911991
199114
19910816
19910809
19910710
199107
19910303
199095
199034
199030
199026
19902
19900409
198925
19892411
198923
19892202
19891994
19891993
19891992
19891990
19891987
19890909
19890327
19888888
198877
198853
19882606
19881992
19881990
19881989
19881988a
19881225
19880803
19880608
198806
19880325
1987ujl
1987914
198731
198730
198727
198723
19872009
19872007
19871985
19870307
1986ujl
1986ny
198632
19861990
1986123
198608
19860108
1985bear
198596
198562
19855
198527
19852009
19852005
19851911
19850000
198492
1984777
198462
198456
198429
19842004
198418
19841008
19840913
19840904
19840319
198387
198377
1983666
198319831983
198316
19831111
198303
1982777
198261
198231