19822007
19822006
19821993
19820502
198204
1981962q
198155
19812008
19812004
19811985
19811984
19811974
198118
19810304
1980boy
19808
198029
198026
19801986
19801983
198009
1979ta
1979god
197980
197950
197923
19792003
19791985
19790905
19790000
1978god
197829
19782005
19782002
19781984
19781982
197819781978
197814
197809
19780508
197791
197778
197759
197722
19772
19771986
19771982
19771980
197717
197712
19770601
1976yar
197623
19762003
197620
19761995
19761
197609
19760
1975as
197576
197531
197522
19751994
19751980
19743
19742000
197420
19741980
19741975
197417
197416
197412
197409
197406
197404
197402
1973942
197382465
19738246
197359642
1973468250
197322
197315
197314
197305
197228
19722510
19721994
19721991
19721976
19721974
19721973
197215
197214
19720802
197205
197203
197169
197123
197122
19711995
19711973
19711791
197116
19711005
197105
197022
19701973
19701968
197019
19700791
1969z28
1969ss
1969camaro
196930
196928
196924
196923
196916
196915
196912
196906
196829
196821
19681969
196803
1967gtx
196777
196738
196724
196721qw
19671989
19671987
196710
196633
196623
196617
196601
196542
19654
196522
196518
196511
196509
19644691
19641967
19641966
196407
196406
196354
196345
196325
196321
19631964
1963196
196308
196300
196266
196225
1962196
196203
196196
196161
196135
196125
196040
19603z
196023
19601961
1960196
195999
195977
19591962
195911
1957chevy
195712
19555
19551957
195509
195508
195500
195455
195426
1954195
1953london
195353
195223
195148
195011
194949
194910
194848
19471204z
1946cj2a
194500
19441945
194201
194000
19378246