193750
19341934
19331933
193200
192837456
192819
19271927
192222
192004
191980
191970
191965
191900
191800
191418
191400
19131913
19128
19127
191262
191257
19122008
1912198
19121945
19121912
191201
191199
191197
191196
19119
19117
191166
191160
19116
191157
191155
191152
19112008
1911198
19111954
191107
191097
191060
191056
19102001
1910198
19101949
191010
191005
191004
19098
190964
190962
190960
190959
190955
19092006
19092005
19092002
19091946
190908
190907
190906
190896
19089
190878
190873
19087101
190867
190866cu
190865
190851
190850
19082008
19082007
19082005
1908198
19080
190769
190767
190766
190762
190761
190757
19071950
19071945
190707
190704
19070
190695
190665
190661
19066
190659
1906199
1906198
19061957
19061954
19061952
190619
19060
190574
190557
19054
19051996m
1905197
19051954
19051951
19051948
190510
190506
19050
190499
19049
190473
190465
190462
19041993s
19041950
19041949
19040
190370
190369
190355
19032003
190319ss7
19031954
190298
19028
190266
190264
190262
190261
190259
19022003
19021962
19021954
19021951
190209
190208
190207
190170
190164
190161
190159
19011955
190107
190106
19001560
190
18marta
18hole
1899
1894978
189204
18913
18911891
189000
18821882
187911
18788
187781
187511
18721872
18718718
18691869
18651865
18611865
18561313
185333
1853
185000
184444
18419820
18361836
18341834
183333
182518
182430
182222
181996
181989
181970
181966
181964
181962
181957
18151864
1812over
181297
181258
181245
18122010
18122007
18122006
18121951
181210
181207
181200
18120