181167
18116
181156
181150
18112002
18111985m
18111949
18111948
18111946
181111
181092n
181068
181058
181054
18102003
18101949
18101948
181003
18098
180965
180958
18092008
18092007
18092005
18091809
180907
180899
180857
18082008
18082005
18081964
18081958
18081948
180818
180766
180760
18076
180757
180747
18072011
18072008
18072007
1807199
18067
180660
180659
180654
180652
18061950
18061806
180600
180567
18056
18052009
18052007
18052003
18051954
180506
180504
18050
18049
180457
180456
18042005
180404
180391n
18039
180358
180355
18032005
18032003
1803198
18031951
180306
180257
18022107
18022007
18022003
1802197
180208
18019
1801198
18011953
18011950
180100
17zydfhz
17puBpaTHuk
17-Mar
17kamna
17cuq397
17991837
178877
178372
1781795
17811781
1780
17771777
17771
17740426
177139
176810
1767
176044
1758
175701550
1755
17541754
1752
174320
17422079
1740
173917
17371737
1729932
17291729
17283945
17283
172717
17257aaa
17221722
1721510
172117
171993
171982
171977
171970
17196
171820
171717a
17141714
171289m
171251
171250
17122010
17122009
17122003
17122002
17121948
171204
171165
171153
171150
171149
17112002
1711198
171106
171103
171102
171100
171093j
17107
171063
171058
171053
171052
171050
171040
17102005
17101993and
1710199
17101979m
17101956
170954
17091709
170906
170904
170858
170857
170807
170800
17080
170794n
17079
170757
170753
17072010
17072007
17071986m
17068
170662
170661
170656
170648
17062008
17062003
17061953
17061951
17061947
17057
170551
170549
17052006
17052005
17052003
17052002
17051949
170506
17047
170456
170455