170451
17042010
1704198
17041957
17041953
17041947
170418
170404
170402
170362
170359
170357
170353
17032009
17032006
17032004
1703197
17031955
170309
170300
170298
170261
170253
17022002
17021958
17021950
17021947
170217
1701aa
170198
170167
17012009
17012008
17012007
17012006
17012003
17011951
17011947
170102
170051
170017
16volt
16maret
169999
169691
1692
169125
168677973
16791679
167169
167167
16681668
16661666
166500
16616
165mailru
16541654
1652
165000
164900
16411641
16401640
1638
163700
16361280
163516
163333
163009
16271627
162616
162500
1623142323
16222
16221622
162030
162
161993
161977
161969
161968
16151615
161264
161253
16122006
16122005
16122002
16121953
16121950
16121946
16118
161165
161155
1611197
16111953
16111952
161098v
16109
16102011
16102007
16102006
1610199
16101951
16101950
161007
161003
160watts
16099
160965
160956
16092004
16092003
16091950
16086
160858
16082006
16082005
16081962
16081960
16081956
16081953
160803
16078
160762
16072005
1607200
1607197
16071953
16071951
16071607
160707
160706
160704
160699
16068
16067
160655
160651
16062004
16062002
16061955
160605
160556
160553
1605197
16051952
160507
160506
160504
160452
16042009
16041953
16041949
160362
160360
160358
160350
160327
16032004
16031951
160304
160302
160294m
160265
160257
160256
160254
160250
16022010
16021956
160205
160203
160200
16018
160172
160167
160162
16012004
16011953
160016
160
15s0d623
15-Jul
15fourty
15drluve
15ac109
15a6df_91
15996300
159951q
159951357753
15995100
1598753246
15987530
159875
15985
15981598
159753r
159753qwerty
159753qw
159753k
159753j