159753e
159753d
159753321
159753147
15975313
159753000
15963574
1596321q
159487263
1594826
15941594
15937
159357qq
159357258456
1593572486
1593572468
15931593
159258357
159237846
159236
159159a
159
15871587
157800
157000
156521767
15651565
156489
1564
1563tt
15600000
15593557
155747
15519639
1549893
154444
154384958d
154321
15426378zil
154263789
15421135
15378
15371537
153468
15341534
153251992
153015
152po90
152900
152637
152555
15252526
152415
152369563
152346
15231523
152300
151996
151984
151979
151959
151823
151815
151718
151618
151515a
15150267
1514131211
151413
1514
151368
151315
15126
151259
151258
151204
151200ad
15118
151168
151166
151160
151152
151146
151145
15112007
15112002
15111952
15111946
151090m
15107
151059
151057
151051
15102011
15102005
15102004
15101957
15101954
15101951
15101946
151007
150964
150960
150957
150954
150953
150952
15092006
1509197
15091955
15091953
15091949
150908
150902
150895m
15088
150856
150851
15082005
15081953
15081950
15081949
150804
150802
150800
150758
150756
150755
150748
15072001
15071956
15071954
150707
150700
150699
15067
150661
15062005
15062003
15061954
15061949
150600
150579j
15057
150564
150560
150559
150557
150548
15052004
15052
15051954
15051947
150454
15042005
1504198
15041953
15041946
150411
150400
150391m
1503900qwas
150383m
15038
15037
15032004
15032002
15031952
15031946
150303
150292n
150291n
15029
150272GB
150258
150257
150253
150252
15021953
15021951
150159
150155
150154
15012010
15012007
15012006
15012004
15011954
15011949
150111
150100
1500ram
15002863
150015
14u24me
14maxmud
14DOR
14971497
14961496
1496