1494
149292
1491625
148635
1483
14796325
14796
1478963258
1478951
14774
147643
147258369147258369
147159
14712
1470258
1470147
146900
1466190
1461
146090
145896
145836
14583
145700
145541
14543
14541454
145300
1449647
14491449
14471447
1445230
144225
1441406
144114
143823
14369
143637
143622
143555
143211
14321
14316
143137jmn
143130
14271427
1425360g
1424508
14235
142214
141997
14199
141978
141964
141960
14196
141954
141888
14183945
141819
14171417
141610
141520
14131413
141310
141272
141262
14122009
1412199
14121954
14121953
14121952
14121950
141201
141183h
141164
141163
141162
141149
14111955
14111950
14111
141105
1410mcdx
141068
141057
141056
141050
141035
14102002
14101953
141005
14099
140957
140955
1409200
14091956
14091954
140902
14090
140862
1408198
14081953
140764
140756
140752
14071959
14071953
14071949
140700
140698
14067
140662
140656
1406199
1406198
14061957
14061953
14061950
140608
140607
14060
140598
140590m
14057
140568
140557
14052009
14052004
14052003
14051997sergey
140504
140501
14047
140462
140458
140454
140452
14042007
14041956
14041951
14041948
14036
140356
140353
14032010
14032007
14031951
14031949
14029
140288n
14027
140261
140259
140255
140247
14021992004urban
1402199
14021953
14017
140161
140158
140155
14012009
14011954
14011946
140109
140014
13holz13
13ghosts
13floor
13ad666
139931
13981398
13975
139746
139485
1393
139115
138slayer
13891389
13882hb
138456
138383
1382410
13798246
137911
1374653317652
13731373
1369007
1366613666
136151
136149Ant
135das
1359082
1357qetu
13579z
13579r
13579qetu
135798462