135797
135791113
1357890
1357531
135680
13531353
135246789
13514321
13501505
135000
135
134thill
13471347
13465
13461346
13456789
13445
134444
13441344
134413
13431343
1342667
1340th
1339
1337hax0
1337crew
133713
13361336
13341334
133169
13311
13246579
13246
132451
1324354
132313
131996
131988
131975
131971
131969
131968
131962
13178
131624
131452
131421
1313ab
13132424
131307
13126
131258
13125615
131253
1312199
13121960
13121955
13121950
13121949
131214
13121110
131208a
13119
131161
131159
131155
131154
131147
131141
13112009
13112007
13112003
131111
131108
131107
131057
13102008
13102003
1310198
131005
130989a
13097
130953
130952
13092010
13092007
13091949
13091309
130905
130857
13082006
13082004
13081949
13081948
13081946
13081488
130754
13072002
13071955
13071953
13071946
130655
130652
13062007
13062004
130606
130602
13059
130588h
130559
130557
130542
13052010
13052009
13052002
13051958
13051953
13051947
130507
130505
130460
130454
13042010
1304199
13041956
13041949
130409
13036
130357
13032006
1303198
13031954
13031950
130313
130303
130301
13026
130257
130231
13022002
1302198
1302197
13021948
130213
130209
130202
13020
13019513
130151
13011952
13011951
130103
130013
12zxcv
12xa34
12wrench
12winter
12we34
12w345
12trees
12short2
12qwaszx34erdfcv
12qwasZX
12qwas12
12qwAS
12qw3e
12qw12q
12mm
12mart
12mar84
12love
12golf
12fitte
12angel
12abcd
12991299
1298612986
129327
12903478
12898
128812
1287169
12871287
12841284
128256
12820821
12787109
12761276
127540
12741274
127349
127345
127273
127254
127238
12721272
12703575
126912
126900
12671267