12345669
12345655
12345654321q
123456543
1234564
12345632
123453423
1234523
1234456
12344321w
12344321v
12342
123415263
12341110
12341059
1234098756
12336
1233321
12333
123325
123321zx
123321WWW
123321qqq
123321Q
123321p
123321m
123321k
123321b
123321ab
123246
12323434
1232311
123231
123194
123190
123189
12317
123168
123165
123161
123155
123147369
123132
12312q
123123o
123123m
123123g
123123di
123123aaa
123123.a
1231236
123123123e
1231231231
123122
12312123
123105
123102
12310
123098q
1230986
1230985
123080
123050
123045607890
12301949
123009
123002
12300123
1.2.3.
122995
122984
122974
122964
122962
122884
122870
122868
122860
122812
122800
122781
122763
122761
122755
122749
122695
122693
122687
122685
12268
122677
122674
122670
122669
122667
122654
122628
122616
122611
122588
122586
122583
122576
122575
122570
122546
122506
122501
122494
12249194
122485
122482
122464
122457
122455
12245
122444
12243
12241992
122399
122397
122390
122383
122380
122378
122371
122370
122361
1223445
12233344
122294
122287
122284
122282
122281
122279
122261
122259
122252
12221916
122211
122201
12220
122199
122182
122180
122179
122174
122171
122166
122163
122161
122143
122121
12211990
122113
122105
122100
122099
122090
122076
12205728
122008
122007
122003
122002
1219gb
121997
121954
121948
121897
12189
121888
121887
121868
121867
121864
121855
12185
121816
12181
121805
121795
121773
121762
121750
121721
121696
121688
121686
121680
121679
121678
121657
121615
121600
121596
12159
121588
121558