121549
121528
12152000
121511
12151
121489
121488
12148
121479
121471
121469
121463
121460
12146
121453
121433
12142
121417
121411
1213tk
121395
121393
121384
121375
121345
121315
121314151
12131114
12130
1212qw
121294m
121293n
12123456
12123312
121224
1212199
1212198
12121950
12121912
121212w
121212l
121212asa
121212121
121208
1212033
121191no
12119
121154
121153
121148
1211197
12111955
121106
121105
121102
12106
121056
121041
12102010
12101948
120bp80
120987m
12098621
12098
120949
12091954
12091952
120908
120905
120902
120899
12087
120861
12086
1208199
12081954
12081950
12079
120767
120759
120751
12072010
120719959
12071951
120657
12062010
12062003
12062002
120608
120601
120552
12051952
12051949
12051
120509
120501
120453
120452
120451
120446
12042007
12042004
1204197
12041953
120406
12040000
12040
12035900
12032006
12032005
12032004
12031952
120311
120306
12029
12028
120263
12026
120257
120255
120247
12022009
1202197
120201
120189q
120155
12012011Q
12012011
12012009
12012005
1201197
12011956
12011950
12011946
12011
120102
120101
11zydfhz
11za22xs
11qqaa
11Q7B
11q22w33e
11minut
11g087
11fghtkz
11fduecnf
11amas
11998866
11998
119977
119944
11983
11969696
119618
119511
1192001
119198
119011
11891189
118877
118800
118711
118611
118420
11821182
117411
117350
11702
117011
116rus
116699
11667
116644
116511
1159987
11581158
115666
11562
115598
115569
115551
115470
115408
115123
115111
114555
1144popp
11447788
114444
114311
11412
113825
113546
11351135
11336699
113333
113203
113111
113081
113067