113066
112993
112983
112982
112976
112975
112970
112964
112954
112903
112899
112897
112892
112887
112885
112883
112872
112862
112859
112852
112794
112789
112779
112776
112761
11271978
112700
11270
112694
112672
112671
112666
112651
112585
1125820
112567
112555
11255
112507
112497
112491
112478
112458
112457
112456
1124112
112399bb
112388
112384
112379
112370
112367
112345k
1123456789
11234456
11231994
112301
1122qq
112281
112273
112261
11223wo
112233z
112233r
112233fa
112233d
11223366
1122335
1122331
112231
112222
1121993
1121988
112187
11218
112171
112170
112165
1121615
112156
112154
112102
112100
11209
112084
112083
112076
112075
112073
112072
11207
112058
111www
111anal
111960
111956
111954
111952
111948
11190
111898
111879
111869
111862
111861
111821
11181
111799
111781
111779
111778
111762
111750
111703
111699
111671
11167
111650
111599
111571
111563
111537
111524
111501
111480
111466
111457
111455
111417
111401
111394
111381
111379
111373
111369
111361
111359
111358
111346
11133
11127
111254
111252
111246
111227
1112233
1112199
1112198
111214
111201
1111982
111154
111153
111152
111151
111122223333
11111i
11111900
111111t
1111111s
111111111a
1111111111111111
11111110
111105
111061
111055
111052
11102009
1110199
11101956
11101950
111001
1109jb
11099
110964
110950
110949
11092007
1109199
11091953
110908
110900
110892m
110851
11082005
11082003
11082002
11082001
1108198
11081953
11081949
11081948
110764
110753
11072007
11072006
11071953
11071951
11071950
11071