110700
110663
110660
110651
1106198
11061950
110607
110600
11059
110558
11052004
1105198
11051954
11051952
110505
110504
110503
11047
110458
11042011
11042009
11042004
11042003
11041951
11041946
110405
110401
11040
11037
110351
11032009
11032004
11032001A
11032001a
1103200
11031955
11031947
110311
110306
110304
110300
110260
110257
110252
110230
11021987n
1102198
1102197
11021953
11021952
110208
110203
1101995
1101993
11019
110188m
110158
110155
110154
110152
110150
11012009
11011951
110119
110108
110033
11001
10voli
10speed
10sleep
10scjed
10rkfcc
10px
10point
10light1
109999
109610
108819
108810
10871087
108642
10811
108090
10791
10741074
1071989
106gti
10665027
10631063
106106106
10571057
105210
10517
1050353
10481048
10467
1042128
1041618
10401
10389
10387
10379
103193
103192
103188
103187
103184
10317
103164
103155
103141
103040
1030103
1029klit
10299399
102975
102964
102910
102895
102892
102891
102882
102880
102874
102873
102867
102782
102781
102771
102770
102753
102751
10271967
102703
10270
102694
102681
102672
10259kes
102597
102577
102574
102566
10251971
102487
102483
102479
102463
10246
102457
102410
102406
1023kiku
102378
102364
102357
102354
102267
102265
102261
102254
10224477
102242
10221
102209
102164
102160
102121
10211967
10210303
102103
102087
102083
10208
102074
102073
102071
102046
10204050
10203q
102030z
10203010203
102004
102002
101992
10196861
101961
101951
101902
101899
101896
101889
101872
101865
10184
10181979
101800
101799
10179
101786