101785
101779
101710
101684
101674
101673
101659
101604
101581
101577
101565
101517
101513
10151
101483
10148
101474
101470
101446
101423
10142
101397
101374
101370
101356
101326
101307
101251
101249
101248
10122007
10122006
101220
10121991n
10121950
10121948
10121416
10121
101208
1012009
1011991
101182m
101164
10116
101150
101149
1011314
101121
101107
101106
101105
101101101
10109
101052
10105
101043
101030
10102011
10102003
10102001
1010199
10101956
101019
101010l
10101010q
10101010LL
101005
101004
100rjpf
100percent
100fleet
100965
100957
1009198
10090
10089
10082010
10082006
10081952
10081948
100805
100760
10076
100755
10072009
10072008
10071958
10071953
10071951
100701
100694d
100652
100647
100633
10061954
10061951
10061948
100602
1005da
10058100
100557
100552
100550
100546
10052008
10051951
10051950
100507
100505
100503
100490100490
100460
100451
10042002
1004200
1004198
10041952
10041949
100410
100401
10037
100353
100342
10032010
10032003
100302
100255
1002198
1002197
10021951
100203
100202
100153
100144
10012009
10012006
10012004
1001198
10011952
10011951
10011949
10011948
10011946
10011900
100109
100104
100103
1001010
100008
100004
10000007
*****1
0verl0rd
0thabe11
0rgasm
0plkmmklop
0penguin
0p9o8i7u6y5t
0nc3ptin
0n4p5vj5
0K1o2V3a4L5e6V7
0b8xni
09FEU
09950995
0987654321z
0987654321Q
0987654321A
09742
0970
0967
0965
09620962
0961
0958
095711727
0950
0947
0945
0942
0941
0939
0933
092976
092975
092970
092811
092762
092701
092571
092482
092477
09240924
092398
092395
092366
092300
09220922
092177
092176
092164