291084
29061980
29051981
281185
28091983
280884
280882
28071976
280690
28061993
28061987
28051979
28041975
28011980
27121977
271185
270886
27081993
270787
27071979
27071977
27061981
27031982
27031981
27011991
26262626
26121995
26121992
26081984
26071994
26051991
26031993
26011995
258258258
255255
253634
25111983
25091978
25091976
25081979
25071982
25051976
250383
24681
24121979
24071979
24061982
24041979
24011993
24011978
2337
231183
23111981
23111979
23091993
23071977
230588
2305
230487
230486
23031981
23021979
2288
22121991
221188
22111975
22091978
22081980
22061993
22061977
220587
22031992
22021977
220187
211288
21121979
2110
21081983
21071979
21061982
210588
210386
21031982
21021982
21021976
20121976
20111988
20111978
20111974
20101978
20051994
200487
1Letmein
19111992
1910
19091989
19051974
19031991
19011984
19011976
181089
18051994
18051983
18041993
18031992
18021978
1725782
17101983
17081981
170585
17051980
170385
170383
17031978
17011979
16121994
16111991
16091983
16081993
16081981
16081978
16051983
160190
160187
16011993
15121980
15101977
150790
150786
150785
15021982
150185
15011978
14321432
14121994
14091985
14081979
14071993
140689
14031983
14031981
14011993
13791379
1357913579
13121992
13121981
131085
13101981
13101980
130790
13051978
130487
13041982
13041979
13041978
13021982
123rrr
123qwe456
123456asd
123456ab
12345432
123258
1232
121312
121280
12121975
121212q
121085
12101980
120885
12081982
12061995
120588
120579
12051994
120484
120477
12041981
12041979
120390
12031995
12011982
1192
111083
11091981
11081981
11071981
110384
110288
101088
100882
10061993
10061979
10031979
100288
10011981
09071975
09051979
09041983
09031993