092075
092000
091997
091992
09199
091989
091984
091967
091964
09190919
091879
091877
0918273645
091781
091772
091677
091581
091576
091466
091372
091365
09127
091260
091257
091254
091251
09122009
09122005
09121965
09121958
09121955
09121951
09121948
091197
091195
091176
091157
091154
09112011
09112007
09112002
09111957
09111955
091091n
091069
091055
091051
091043
09101953
09101946
091011
09100910
090959
090956
090955
090953
090944
09092008
09092003
09091989m
090906
090864
090860
090859
090854
090853
09081955
09081951
09081948
09081946
09080
090767
090766
090759
09072006
09072002
09071949
09071900
090701
090699
090655
090654
09062010
09062005
09061978n
09061948
090599
090592j
090588j
090556
090554
090552
09052007
09051999
09051992m
0905198
09051949
09051941
090506
090505
090503
090500
0904fran
090497
090464
090459
090458
090456
090453
090452
090448
090408
09038
090366
090362
090358
090357
090353
09035170147
09032006
0903198
09031958
09031955
09031952
09031951
09031947
090308
09030719
090302
09030
090250
09022005
09022004
0902199
090209
090167
090166
090160
090159
090139
09012006
09012003
0901198
09011953
09011950
09011949
09001634
08si16
08910891
08692312
0865
0863
0862
086086
085344
085246
0852147
085208
0845
0841
0839
083181
083174
083099
082899
082779
082759
082743
082667
082472
082465
082277
08221982
082175
082170
082080
082075
082058
082008
082
081993
081990
08199
081982
081979
081969
081962
081956
081900
081828
081763
081759
081572
0815007
081499
081479
081472
081369
08127
081251