08122002
0812197
08121951
08121948
081165
081158
081156
081154
081152
081130
08112005
08112001
0811198
08111957
08108
081056
081049
08101990w
0810198
08101956
08101949
08101947
080965
080964
08092007
08092
0809198
08091955
080901
08087
08086
080850
080849
08082003
0808200
0808197
08081953
08081
080806
080805
08079
080769
080768
080764
080756
08072007
08072004
08071951
08071900
08068
080659
08062010
08062004
08061952
08061950
080601
080600
080599
080593n
080574
08052005
08051954
08051953
080508
080469
080466
080463
080452
08042008
08042003
08041962
08041952
08041950
080364
080354
08032011
08032008
08032004
0803198
08031948
08031945
08031900
080269
080265
080263
080262
08022002
08021957
08021950
08020802
080203
080201
08019
08017
080164
080154
080142
08012007
08012005
08012002
08012001
08011967
08011947
08011944
08011900
08010801
080080
07thlion
07salsa
078666
07860786
077753
07770777
07734kujo
07734
07684
0762
0744
0736
073194
073179
073080
073076
073073
072977
072960
07271976
072676
072599
072557
072483
072379
072372
072332ed
072163
072007
071997
071993
071988
071981
07198
071947
071879
071785
071753
071677
071474
071376
071369
071264
071258
07121952
07121938
071214
07117
071163
071159
071158
071152
071151
07112000
07111949
07111946
071117
071103
07110
07106
071058
07102002
07101950
07101948
070957
070954
070951
070940
07092002
07091952
07091949
070902
070895n
070893n
070855
070853
07081948
070802
070800
070764
070759
070754
07072009
07071954
070709
070703
070702
070668
070663
070659
070656
07062011
07062008