07062006
07062005
07061949
07061945
070603
07060
070567
070563
070558
070555
070553
07052010
0705197
07051966
07051950
07051900
070505
070459
070458
070457
07042011
07042009
07041949
070405
070403
070401
070400
070399
070386m
07037
070365
070357
07031957
070303
070294m
070267
070263
070255
070247
07022006
07022003
0702200
07021950
070204
070195m
07018
070153
07012011
07012010
07012001
070108
069690
0685817823
068068
06790679
0667
06660666
06660
0657
065160
0646
0645ka
0642
0640
0639
0632835141
063090
063064
063063
062982
062957
062884
062878
062795
062771
062752
062699
062698
062679
062678
06260626
062589
062585
062582
062570
062478
062472
062296
062279
062161
062100
062092
062073
062068
06201968
061994
061993
061991
06198
06197
061904
061879
061876
061782
061576
061575
061501
061498
061359
061297
061260
06126
061255
061253
06122001
06121963
06121957
06121950
06121949
061206
061159
061157
061141
06112006
06112003
06111957
061111
061108
061060
06102002
06101948
061007
061004
060967
060966
060962
060953
06092002
06091952
06091950
06089
060867
060862
060823
06082008
06082004
06082003
060807
060805
060797
060769
060758
060756
060749
060747
06071949
060683m
06062009
06062005
0606197
06061949
06061948
060609
060598
060558
060556
060549
06052008
06051953
06051950
060458
06042008
06042007
0604196
06041949
060404
060400
060361
060360
060359
060352
060349
06031952
06031947
060301
060264
060257
06022006
06022003
0602196
06021951
060169
06012011
06012003
06012002
06012001
06011952
06011900
06010
05nina31