0587253
0558
0552
0551
0545
0544
0541
053aruspra350
05370537
05350535
053172
053093
053084
052970
052882
052870
052861
052770
052756
052683
052601
052580
052505
052498
052497
052378
052363
052352
052293
052280
052252
052194
052177
052153
052009
051995
051990
051989
051981
051980
051957
051879
051668
051667
051599
051579
051578
05150515
051466
05141200
051374
05131979
051305
05129
051262
051256
051250
05122006
05121957
05121950
05120821
051207
051157
051156
051153
05112009
05112002
05112001
05111957
05111951
05111941
051109
051100
05108
051059
051056
05102006
05102005
05101991az
051003
050998
050964
050959
050954
0509228983
05092003
05091952
05091947
05091946
050907
05090
050899
050861
050849
05082011
0508199
0508198
050807
05080508
05080
050797
050790m
050763
050753
05072008
05072003
05071952
05071950
05071946
05070507
050704
050702
05066
05062009
05062005
05061955
05060506
05059
050589m
050564
050556
050554
05052010
05052003
0505198
050500
050457
050455
050449
05042010
05042009
05042004
0504198
05041952
05041900
050406
050405
050404
050403
050400
050357
050355
05032004
05031954
05031950
050308
05028
050263
050255
05022008
0502199
05021951
05020502
05019
050158
050155
050140
05012008
05012006
05012003
05011950
05011948
05011947
050102
04accord
0470
045318
044907
0449
04460446
0446
0443
04398004616
0436
043444
043077
04301981
04300340z
042872
042871
042867
042855
042693
042589
042578
042462
042460
042404
042377
042357
042283
042277
042261
042186
042184
042171
042096
042080
042077
042061