042002
041991
041982
041977
041973
041972
041966
04190419
041898
041883
041874
04181955
041799
041600
041479
041475
041366
041266
041262
04126
041254
041253
04122009
04122007
04122006
04122002
04121956
04121954
04121952
041207
041200
0411vlad
04117
041164
04112005
04112003
04111951
041106
04110411
041066
041061
041058
0410200
041006
041001
040970
040951
0409198
04091954
040897
040867
040862
040857
04082010
04082008
04082004
040800
04078
040762
04072007
0407198
040665
040664
040663
040658
040654
040653
040651
04061995m
04061963MaryAn
04061952
04061950
040609
040605
040603
040602
04058
04057
040556
040555
040546
04052002
04050405
04050
040499
040494m
040488n
04048011
04048
040451
04041957
04041953
04041949
040406
040399
040365
040361
040360
040358
040357
040356
04032006
04032005
0403197
04031950
040306
040302
040297
040293j
040268
040265
040264
040259
040256
040254
04022004
04021951
040199
040163
04012010
04012006
04012005
04011957
04011949
040109
040105
0400
0395
0371
0368350
0363199505
0363
03590359
0359
0350
0332
033178
033164
032881
032779
03270327
032666
032577
032560
032467
032362
032339
03231962
03230812
032075
031972
031971
031970
031967
031941
031895
03180318
031800
031773
031685
031679
031673
031665
031598
031597
031580
031577
031474
031468
03140314
031393
031375
031263
031259
031257
031255
031253
031250
03122007
03122005
03122004
0312198
03121958
03121950
031202
031159
03112007
03111948
031105
031097c
03108
03107
031061
031058
031057
031055
031050
03102008
03102006
031020