03101960
03101958
03101955
03101951
03101
031006
031003
030956
030953
030952
030951
03092010
03092009
03092007
03092001
03091955
03091950
03091946
030907
0308198
03081954
03081946
030807
030798
030797
03078
03071947
03070307
03070
03062005
03061949
030602
03057
030553
030550
03052006
030508
030506
03050305
030501
030465
030453
03041957
03041949
030407
03036
030350
03032002
03031993m
03031951
03031949
03031900
030302
030289m
030264
030263
030258
030250
030249
03022006
03022004
03021950
03021949
030206
030203
030202
03018
030166ase90
030154
030151
03012008
0301200
03011952
030108
030106
030101
030100
03010
0300
02harley
0294
0278
0275
025025
0249
0246810
02430243
0241
0234
022762
022671
022562
022557
022473
022399
022356
022170
022099
022078
022001
021999
021995
021993
021987
021977
02197
021969
021964
021958
021921
021876
021875
02180218
021677
021675
021654922r
021583
021579
021576
021548
021496
021486
021481
021480
021463
021457
021402
021377
02128
021267
021264
021252
02122009
02121957
02121955
021207
021197
02118
021154
02112010
02112006
021064
021051
02101950
02101947
020997
020965
020964
02096
020953
020952
020949
02092005
02092004
02091953
02091951
02091950
02091948
02091947
020903
020901
020895j
02087
020868
020866
020863
020861
02082005
02081952
02081948
02081930
020808
020803
02080
02079
020759
020758
020756
020755
020750
020748
020736
02072009
02072007
02071955
02071954
02071947
020708
02070207
020702
02062008
02062007
02062005
02062003
02061948
020554
02052008
02052006
020506
020501