020497
020463
020458
02041983ua
0204197
02041951
02041950
020408
020407
020402
020401
020398
02037
020365
020361
020359
020353
020351
020350
02032003
02031947
020307
02027
020255
020252
02021955
02021953
02021945
02021910
020209
020204
020201
020161
020154
020149
02012004
02011948
01yzfr1
01wwvz
01sharon
01ferbie
018799
01740174
0171
017017
0167217
015300
01450184
0145
01448699
01410000
0140
01380138
0137574
0132
013177
013100
013081
013068
012784
012782
012701
012691
012679
012656
012503
012479
012477
012385
012371
0123456789z
012299
012281
01220122
012200
012080
011996
011989
011987
011977
011975
011970
011967
011893
011863
011774
011748
011678
011579
011472
011399
011390
011380
01138
011368
011344
01127
011243
01122007
01122002
01121995d
01121956
01121951
01121947
011203
011200
011198
011190n
011188m
011160
011159
01112009
01112006
01112002
0111198
01111946
011110
01109
01108
011068
011050
011022
01102007
01101950
01101949
01101945
01101
011000
010992n
01098
01097
010957
01091956
01091950
010904
010835
01082009
01082008
010808
010806
010802
01080108
010765
01072009
01072008
01072005
01071950
01071948
01071947
010706
010698
01067
010665
01062004
01061952
010606
010590m
01059
01058
01056
010557
010555
010509
010508
010507
010506
010505
010495
01048
010445
01041981n
010409
010361
010355
010354
010352
010351
01031948
01031900
01030103
010301
010298
010296
01028
010266
010254
01021972n
0102197
01021949
01021946
010209
010207
010203z
0102030405da
010203010203
010195j
010194n
010193n
010193m
010191j