951951
911111
9000
67890
55chevy
5410
52525252
48151623
4646
456258
333221
3210
31081986
31081981
31071987
31071979
31051981
31031979
31011982
31011979
300981
30081993
29111986
29101981
29091992
29091978
29071979
29051979
28121991
281183
28101993
28101983
28091994
28081993
280786
280588
28051978
28041993
28041977
27121992
27121985
27101988
27091994
27091978
27081992
270790
270789
270784
27071992
270289
27021979
27011993
27011980
26exkp
26111990
26101991
26101978
26091982
26081982
26071981
26061993
26051981
260190
25111981
25071993
25061977
250386
25021981
241286
24121980
24081979
24061977
24041981
24021980
240185
24011980
2401
23121980
231185
231088
231081
23091980
23081981
23071996
23071978
230689
23061993
23061978
230584
23031979
23021995
23021994
230190
230189
23011995
23011993
221287
22121993
22111992
221090
22101980
22081988
22071976
22061976
22051995
22031980
220291
22011981
21121990
2111
21101995
210990
21081982
21081979
21041981
21011993
21011979
2055
20121980
20121977
20111981
20071980
20061979
20061977
1Mustang
1Dallas
1a2a3a
197
1932
1907
19061979
19051992
19031979
190190
19011994
18091981
18081991
180784
18071992
18041978
18031984
18031978
17931793
17121981
171090
170982
17091988
170889
17081983
17081976
17071993
17061972
170486
17031977
17021995
17021978
17021974
161085
16101990
160883
16071996
160589
16051995
16051980
16051979
1605
16041980
1604
16031982
16011978
15121978
15121973
150984
150889
150686
150483
150384
15031979
15021980
15011980
141288
14101980
14101975
140986
140690
140586
140485
140482
140285
14021993
135799
13572468
135135
1337
1323
131290
1312
130988
13091983
1308